transaction_id,timestamp,amount_sar,payment_method
biz_0109-000044,2024-10-01 05:49:32,13.3,mada
biz_0109-000036,2024-10-01 06:17:56,26.0,mada
biz_0109-000024,2024-10-01 07:04:27,15.01,mada
biz_0109-000042,2024-10-01 07:12:24,35.74,mada
biz_0109-000058,2024-10-01 07:12:35,22.33,mada
biz_0109-000060,2024-10-01 07:14:00,27.4,cash
biz_0109-000072,2024-10-01 07:31:56,23.12,mada
biz_0109-000026,2024-10-01 07:39:29,19.63,cash
biz_0109-000068,2024-10-01 07:40:11,25.52,mada
biz_0109-000054,2024-10-01 07:44:12,38.86,mada
biz_0109-000051,2024-10-01 07:51:43,24.34,mada
biz_0109-000064,2024-10-01 07:53:51,24.03,mada
biz_0109-000025,2024-10-01 07:56:10,23.05,mada
biz_0109-000004,2024-10-01 07:58:31,29.1,mada
biz_0109-000074,2024-10-01 08:01:10,17.16,mada
biz_0109-000021,2024-10-01 08:32:43,28.99,mada
biz_0109-000013,2024-10-01 08:34:16,24.94,mada
biz_0109-000007,2024-10-01 08:51:13,60.88,cash
biz_0109-000050,2024-10-01 08:56:28,16.2,credit_card
biz_0109-000035,2024-10-01 09:21:55,14.54,cash
biz_0109-000008,2024-10-01 09:36:01,25.06,mada
biz_0109-000073,2024-10-01 09:44:59,17.96,cash
biz_0109-000067,2024-10-01 09:57:21,29.46,credit_card
biz_0109-000071,2024-10-01 09:59:40,23.06,cash
biz_0109-000049,2024-10-01 09:59:42,15.64,mada
biz_0109-000056,2024-10-01 10:48:22,16.17,cash
biz_0109-000028,2024-10-01 11:16:35,30.59,mada
biz_0109-000002,2024-10-01 12:01:59,16.58,mada
biz_0109-000022,2024-10-01 12:07:45,59.46,mada
biz_0109-000065,2024-10-01 12:10:47,18.28,cash
biz_0109-000027,2024-10-01 12:15:19,34.0,mada
biz_0109-000010,2024-10-01 12:31:13,23.94,mada
biz_0109-000001,2024-10-01 12:38:43,11.61,mada
biz_0109-000009,2024-10-01 12:44:26,49.5,mada
biz_0109-000057,2024-10-01 13:03:51,31.51,cash
biz_0109-000032,2024-10-01 13:21:38,23.93,mada
biz_0109-000030,2024-10-01 13:23:28,20.88,credit_card
biz_0109-000020,2024-10-01 13:25:43,78.32,mada
biz_0109-000016,2024-10-01 13:28:31,27.44,mada
biz_0109-000039,2024-10-01 14:21:58,14.83,mada
biz_0109-000003,2024-10-01 14:39:10,44.18,mada
biz_0109-000061,2024-10-01 14:40:41,36.26,mada
biz_0109-000040,2024-10-01 14:47:05,18.39,mada
biz_0109-000038,2024-10-01 14:56:27,13.27,mada
biz_0109-000052,2024-10-01 14:59:27,29.66,cash
biz_0109-000063,2024-10-01 15:05:13,57.82,mada
biz_0109-000014,2024-10-01 15:22:46,28.01,mada
biz_0109-000006,2024-10-01 15:24:40,14.07,mada
biz_0109-000012,2024-10-01 15:34:34,25.92,credit_card
biz_0109-000062,2024-10-01 15:58:29,29.21,cash
biz_0109-000033,2024-10-01 16:05:47,50.03,mada
biz_0109-000046,2024-10-01 16:06:37,12.75,mada
biz_0109-000005,2024-10-01 16:14:07,26.87,cash
biz_0109-000041,2024-10-01 16:16:18,31.71,credit_card
biz_0109-000048,2024-10-01 16:28:49,47.75,mada
biz_0109-000047,2024-10-01 16:43:35,17.66,cash
biz_0109-000019,2024-10-01 16:46:51,31.94,mada
biz_0109-000075,2024-10-01 17:08:21,25.33,mada
biz_0109-000069,2024-10-01 17:10:16,26.37,mada
biz_0109-000029,2024-10-01 17:12:32,20.49,mada
biz_0109-000015,2024-10-01 17:24:03,35.97,cash
biz_0109-000017,2024-10-01 17:30:26,12.72,mada
biz_0109-000034,2024-10-01 17:31:49,18.43,mada
biz_0109-000066,2024-10-01 17:34:46,34.31,cash
biz_0109-000043,2024-10-01 17:43:55,45.57,credit_card
biz_0109-000070,2024-10-01 17:44:22,23.98,cash
biz_0109-000045,2024-10-01 18:35:52,41.78,mada
biz_0109-000055,2024-10-01 18:40:56,30.6,mada
biz_0109-000031,2024-10-01 18:56:13,63.16,mada
biz_0109-000018,2024-10-01 19:01:12,16.58,mada
biz_0109-000037,2024-10-01 19:13:05,10.92,mada
biz_0109-000059,2024-10-01 19:43:48,21.74,mada
biz_0109-000011,2024-10-01 19:54:53,20.55,mada
biz_0109-000023,2024-10-01 20:19:29,13.22,credit_card
biz_0109-000053,2024-10-01 21:16:51,25.54,cash
biz_0109-000143,2024-10-02 04:16:52,15.75,mada
biz_0109-000157,2024-10-02 07:03:07,39.5,credit_card
biz_0109-000091,2024-10-02 07:07:55,106.17,credit_card
biz_0109-000146,2024-10-02 07:14:15,29.75,mada
biz_0109-000137,2024-10-02 07:20:08,31.62,cash
biz_0109-000132,2024-10-02 07:23:02,42.28,mada
biz_0109-000108,2024-10-02 07:23:54,17.54,cash
biz_0109-000148,2024-10-02 07:30:17,31.6,mada
biz_0109-000107,2024-10-02 07:30:18,21.99,credit_card
biz_0109-000088,2024-10-02 07:37:54,31.86,mada
biz_0109-000093,2024-10-02 07:44:24,21.74,mada
biz_0109-000121,2024-10-02 07:46:07,22.75,cash
biz_0109-000113,2024-10-02 08:29:32,31.92,mada
biz_0109-000082,2024-10-02 08:32:08,31.0,mada
biz_0109-000136,2024-10-02 08:46:50,18.03,mada
biz_0109-000090,2024-10-02 08:50:11,33.35,credit_card
biz_0109-000123,2024-10-02 08:51:32,28.56,mada
biz_0109-000130,2024-10-02 09:00:05,25.0,mada
biz_0109-000118,2024-10-02 09:35:20,26.57,cash
biz_0109-000139,2024-10-02 09:37:35,27.25,credit_card
biz_0109-000119,2024-10-02 09:39:12,22.5,cash
biz_0109-000103,2024-10-02 09:53:03,18.31,mada
biz_0109-000106,2024-10-02 10:23:16,26.01,cash
biz_0109-000099,2024-10-02 10:35:07,17.61,cash
biz_0109-000144,2024-10-02 10:56:12,21.92,cash
biz_0109-000115,2024-10-02 11:25:06,13.94,mada
biz_0109-000135,2024-10-02 11:56:36,22.77,mada
biz_0109-000131,2024-10-02 12:12:27,21.82,cash
biz_0109-000141,2024-10-02 12:22:15,36.3,mada
biz_0109-000078,2024-10-02 12:36:27,21.91,mada
biz_0109-000114,2024-10-02 12:37:17,13.67,mada
biz_0109-000129,2024-10-02 12:40:58,21.38,cash
biz_0109-000092,2024-10-02 12:47:07,26.9,mada
biz_0109-000147,2024-10-02 12:47:51,26.12,mada
biz_0109-000120,2024-10-02 12:51:59,27.35,credit_card
biz_0109-000138,2024-10-02 12:56:42,28.65,cash
biz_0109-000125,2024-10-02 13:02:20,18.92,cash
biz_0109-000102,2024-10-02 13:07:59,29.11,mada
biz_0109-000151,2024-10-02 13:12:35,29.57,mada
biz_0109-000116,2024-10-02 13:21:53,38.07,mada
biz_0109-000101,2024-10-02 13:25:00,34.12,mada
biz_0109-000142,2024-10-02 13:26:56,49.2,cash
biz_0109-000081,2024-10-02 13:29:50,11.85,mada
biz_0109-000096,2024-10-02 13:30:50,17.3,mada
biz_0109-000126,2024-10-02 13:37:23,23.31,mada
biz_0109-000152,2024-10-02 13:40:51,31.88,cash
biz_0109-000154,2024-10-02 13:40:56,22.18,mada
biz_0109-000080,2024-10-02 13:55:04,36.27,credit_card
biz_0109-000083,2024-10-02 14:04:08,102.8,mada
biz_0109-000155,2024-10-02 14:16:09,47.62,mada
biz_0109-000109,2024-10-02 14:26:04,40.45,mada
biz_0109-000098,2024-10-02 14:37:23,34.43,credit_card
biz_0109-000149,2024-10-02 14:50:01,20.27,credit_card
biz_0109-000077,2024-10-02 15:00:06,17.96,mada
biz_0109-000133,2024-10-02 15:03:22,24.0,mada
biz_0109-000076,2024-10-02 15:22:20,65.2,mada
biz_0109-000094,2024-10-02 15:30:43,31.36,mada
biz_0109-000095,2024-10-02 15:52:32,45.96,mada
biz_0109-000117,2024-10-02 16:31:37,24.56,cash
biz_0109-000111,2024-10-02 16:41:14,45.97,mada
biz_0109-000124,2024-10-02 16:49:22,29.76,mada
biz_0109-000087,2024-10-02 16:51:25,20.32,mada
biz_0109-000085,2024-10-02 16:55:54,36.99,cash
biz_0109-000150,2024-10-02 16:57:07,33.14,mada
biz_0109-000112,2024-10-02 17:04:59,16.52,cash
biz_0109-000145,2024-10-02 17:07:16,53.39,mada
biz_0109-000086,2024-10-02 17:12:17,40.81,mada
biz_0109-000089,2024-10-02 17:13:36,19.75,mada
biz_0109-000084,2024-10-02 17:21:45,25.93,cash
biz_0109-000156,2024-10-02 17:37:17,10.65,credit_card
biz_0109-000104,2024-10-02 17:39:10,27.73,mada
biz_0109-000105,2024-10-02 17:39:12,9.11,mada
biz_0109-000122,2024-10-02 17:40:58,14.62,mada
biz_0109-000100,2024-10-02 17:56:17,48.1,mada
biz_0109-000140,2024-10-02 17:56:53,54.39,mada
biz_0109-000153,2024-10-02 18:19:53,28.59,cash
biz_0109-000079,2024-10-02 18:23:34,17.21,credit_card
biz_0109-000097,2024-10-02 18:39:45,20.61,mada
biz_0109-000127,2024-10-02 18:46:04,10.48,mada
biz_0109-000134,2024-10-02 19:02:58,29.08,cash
biz_0109-000110,2024-10-02 19:20:32,25.55,mada
biz_0109-000128,2024-10-02 20:03:58,50.5,credit_card
biz_0109-000193,2024-10-03 01:10:33,41.82,cash
biz_0109-000172,2024-10-03 07:01:00,63.55,mada
biz_0109-000198,2024-10-03 07:01:20,49.54,mada
biz_0109-000184,2024-10-03 07:02:05,58.1,mada
biz_0109-000174,2024-10-03 07:50:52,21.97,mada
biz_0109-000190,2024-10-03 08:09:11,12.9,mada
biz_0109-000170,2024-10-03 08:16:11,20.49,mada
biz_0109-000196,2024-10-03 08:17:59,19.23,mada
biz_0109-000189,2024-10-03 08:28:44,25.65,mada
biz_0109-000191,2024-10-03 08:53:38,25.76,mada
biz_0109-000192,2024-10-03 09:34:06,30.42,credit_card
biz_0109-000183,2024-10-03 09:52:08,56.41,mada
biz_0109-000158,2024-10-03 09:53:46,8.46,cash
biz_0109-000159,2024-10-03 10:32:16,85.69,mada
biz_0109-000188,2024-10-03 11:02:32,18.24,mada
biz_0109-000178,2024-10-03 11:12:39,18.93,mada
biz_0109-000180,2024-10-03 11:28:10,33.62,mada
biz_0109-000164,2024-10-03 12:15:47,16.39,mada
biz_0109-000169,2024-10-03 12:27:57,26.19,mada
biz_0109-000194,2024-10-03 12:36:19,44.14,mada
biz_0109-000161,2024-10-03 12:58:27,47.34,mada
biz_0109-000199,2024-10-03 12:59:51,16.21,cash
biz_0109-000181,2024-10-03 13:05:15,61.05,mada
biz_0109-000179,2024-10-03 13:19:06,15.86,mada
biz_0109-000195,2024-10-03 13:57:46,39.67,mada
biz_0109-000162,2024-10-03 14:14:40,41.15,mada
biz_0109-000177,2024-10-03 14:25:42,54.66,cash
biz_0109-000185,2024-10-03 14:26:48,19.7,mada
biz_0109-000165,2024-10-03 14:47:09,20.47,mada
biz_0109-000201,2024-10-03 15:32:47,20.47,cash
biz_0109-000167,2024-10-03 16:19:14,22.77,mada
biz_0109-000186,2024-10-03 16:38:10,24.06,credit_card
biz_0109-000160,2024-10-03 17:07:21,24.13,cash
biz_0109-000163,2024-10-03 17:22:26,54.61,mada
biz_0109-000173,2024-10-03 17:26:47,39.48,mada
biz_0109-000200,2024-10-03 17:27:41,12.93,cash
biz_0109-000197,2024-10-03 17:52:28,45.59,mada
biz_0109-000182,2024-10-03 17:54:48,31.03,mada
biz_0109-000175,2024-10-03 18:00:43,30.8,mada
biz_0109-000166,2024-10-03 18:07:27,15.94,credit_card
biz_0109-000171,2024-10-03 18:47:37,41.12,credit_card
biz_0109-000176,2024-10-03 19:24:29,30.78,mada
biz_0109-000168,2024-10-03 19:46:48,61.51,mada
biz_0109-000187,2024-10-03 20:20:48,24.65,cash
biz_0109-000307,2024-10-04 00:56:38,23.55,cash
biz_0109-000220,2024-10-04 06:55:04,30.05,mada
biz_0109-000236,2024-10-04 07:02:24,28.43,credit_card
biz_0109-000284,2024-10-04 07:04:28,19.74,mada
biz_0109-000235,2024-10-04 07:10:12,31.3,mada
biz_0109-000273,2024-10-04 07:12:09,17.35,mada
biz_0109-000225,2024-10-04 07:14:12,36.3,cash
biz_0109-000271,2024-10-04 07:16:29,28.49,cash
biz_0109-000270,2024-10-04 07:17:52,21.46,mada
biz_0109-000288,2024-10-04 07:25:29,22.86,cash
biz_0109-000258,2024-10-04 07:26:47,22.29,cash
biz_0109-000213,2024-10-04 07:28:55,21.81,credit_card
biz_0109-000240,2024-10-04 07:54:16,51.28,credit_card
biz_0109-000243,2024-10-04 08:02:47,17.62,mada
biz_0109-000233,2024-10-04 08:05:37,14.04,mada
biz_0109-000246,2024-10-04 08:09:35,30.71,cash
biz_0109-000215,2024-10-04 08:10:42,51.54,mada
biz_0109-000209,2024-10-04 08:14:47,68.88,mada
biz_0109-000298,2024-10-04 08:15:56,43.3,credit_card
biz_0109-000314,2024-10-04 08:21:48,15.05,cash
biz_0109-000228,2024-10-04 08:25:43,25.19,cash
biz_0109-000211,2024-10-04 08:28:02,37.34,mada
biz_0109-000276,2024-10-04 08:32:18,36.37,mada
biz_0109-000250,2024-10-04 08:34:27,73.8,cash
biz_0109-000267,2024-10-04 08:41:26,26.07,credit_card
biz_0109-000310,2024-10-04 08:47:15,13.77,mada
biz_0109-000221,2024-10-04 08:50:46,52.26,mada
biz_0109-000208,2024-10-04 09:08:13,78.77,mada
biz_0109-000257,2024-10-04 09:29:14,54.76,mada
biz_0109-000255,2024-10-04 09:31:12,33.86,cash
biz_0109-000217,2024-10-04 09:32:09,34.57,mada
biz_0109-000274,2024-10-04 09:36:04,15.74,cash
biz_0109-000253,2024-10-04 09:54:46,20.66,mada
biz_0109-000212,2024-10-04 10:09:49,7.53,mada
biz_0109-000247,2024-10-04 11:24:49,12.99,cash
biz_0109-000238,2024-10-04 11:30:56,47.34,mada
biz_0109-000296,2024-10-04 11:42:50,48.04,mada
biz_0109-000309,2024-10-04 12:05:10,17.11,credit_card
biz_0109-000299,2024-10-04 12:15:11,24.08,mada
biz_0109-000308,2024-10-04 12:17:13,18.0,mada
biz_0109-000291,2024-10-04 12:21:23,26.74,mada
biz_0109-000286,2024-10-04 12:27:30,22.04,cash
biz_0109-000230,2024-10-04 12:37:44,20.62,credit_card
biz_0109-000301,2024-10-04 12:42:43,39.5,credit_card
biz_0109-000203,2024-10-04 12:43:37,39.63,mada
biz_0109-000244,2024-10-04 12:45:51,21.74,mada
biz_0109-000259,2024-10-04 13:17:19,19.31,mada
biz_0109-000242,2024-10-04 13:20:09,29.3,mada
biz_0109-000229,2024-10-04 13:30:43,17.52,mada
biz_0109-000222,2024-10-04 13:34:08,15.49,mada
biz_0109-000207,2024-10-04 13:54:17,16.29,mada
biz_0109-000265,2024-10-04 13:54:22,26.71,credit_card
biz_0109-000245,2024-10-04 13:59:44,36.34,mada
biz_0109-000278,2024-10-04 13:59:47,19.98,credit_card
biz_0109-000306,2024-10-04 14:00:44,35.56,mada
biz_0109-000219,2024-10-04 14:13:41,54.61,mada
biz_0109-000224,2024-10-04 14:16:01,33.66,credit_card
biz_0109-000295,2024-10-04 14:24:59,43.53,mada
biz_0109-000303,2024-10-04 14:25:24,33.23,cash
biz_0109-000279,2024-10-04 14:28:14,20.03,mada
biz_0109-000241,2024-10-04 14:33:17,49.06,mada
biz_0109-000205,2024-10-04 14:34:52,22.38,cash
biz_0109-000302,2024-10-04 14:48:28,32.41,mada
biz_0109-000216,2024-10-04 14:55:37,15.9,mada
biz_0109-000293,2024-10-04 15:04:38,50.28,mada
biz_0109-000300,2024-10-04 15:05:30,47.56,mada
biz_0109-000231,2024-10-04 15:06:24,60.64,mada
biz_0109-000312,2024-10-04 15:09:53,24.96,mada
biz_0109-000269,2024-10-04 15:19:03,23.09,mada
biz_0109-000304,2024-10-04 15:31:56,40.89,mada
biz_0109-000263,2024-10-04 15:40:36,26.5,credit_card
biz_0109-000277,2024-10-04 15:56:39,22.53,mada
biz_0109-000262,2024-10-04 16:10:37,22.9,mada
biz_0109-000313,2024-10-04 16:11:18,51.29,mada
biz_0109-000315,2024-10-04 16:14:40,98.86,credit_card
biz_0109-000289,2024-10-04 16:30:18,20.28,mada
biz_0109-000285,2024-10-04 16:31:53,23.53,credit_card
biz_0109-000232,2024-10-04 16:34:51,42.83,mada
biz_0109-000260,2024-10-04 16:36:38,62.89,mada
biz_0109-000292,2024-10-04 16:54:42,23.19,mada
biz_0109-000214,2024-10-04 16:56:22,20.56,mada
biz_0109-000287,2024-10-04 17:02:06,21.07,cash
biz_0109-000204,2024-10-04 17:02:59,23.7,credit_card
biz_0109-000210,2024-10-04 17:13:05,32.31,mada
biz_0109-000254,2024-10-04 17:21:51,58.55,cash
biz_0109-000251,2024-10-04 17:26:30,47.46,mada
biz_0109-000294,2024-10-04 17:35:10,25.14,credit_card
biz_0109-000316,2024-10-04 17:36:47,19.04,mada
biz_0109-000252,2024-10-04 17:45:14,204.67,mada
biz_0109-000280,2024-10-04 17:46:20,7.04,mada
biz_0109-000272,2024-10-04 17:51:15,27.26,credit_card
biz_0109-000248,2024-10-04 17:51:59,32.39,credit_card
biz_0109-000234,2024-10-04 17:57:52,29.71,cash
biz_0109-000237,2024-10-04 18:00:36,23.44,cash
biz_0109-000268,2024-10-04 18:15:20,61.83,mada
biz_0109-000311,2024-10-04 18:26:00,22.21,mada
biz_0109-000202,2024-10-04 18:30:03,53.94,cash
biz_0109-000275,2024-10-04 18:48:02,26.67,cash
biz_0109-000239,2024-10-04 18:49:51,23.4,mada
biz_0109-000305,2024-10-04 18:50:56,26.04,mada
biz_0109-000282,2024-10-04 18:55:22,36.25,mada
biz_0109-000261,2024-10-04 19:00:04,68.35,mada
biz_0109-000281,2024-10-04 19:07:58,14.69,mada
biz_0109-000297,2024-10-04 19:20:20,25.52,cash
biz_0109-000226,2024-10-04 19:21:14,30.61,credit_card
biz_0109-000290,2024-10-04 19:41:21,20.28,cash
biz_0109-000227,2024-10-04 19:50:55,26.75,credit_card
biz_0109-000283,2024-10-04 20:03:56,23.92,mada
biz_0109-000223,2024-10-04 20:10:01,31.35,credit_card
biz_0109-000218,2024-10-04 20:15:11,39.23,cash
biz_0109-000266,2024-10-04 20:28:51,52.89,mada
biz_0109-000249,2024-10-04 20:34:39,14.45,cash
biz_0109-000256,2024-10-04 20:40:41,20.45,mada
biz_0109-000206,2024-10-04 21:21:45,22.62,mada
biz_0109-000264,2024-10-04 22:12:42,17.15,mada
biz_0109-000363,2024-10-05 01:15:26,15.94,mada
biz_0109-000395,2024-10-05 06:50:46,39.49,mada
biz_0109-000358,2024-10-05 07:03:55,33.87,mada
biz_0109-000332,2024-10-05 07:15:42,50.84,cash
biz_0109-000320,2024-10-05 07:16:23,53.88,mada
biz_0109-000349,2024-10-05 07:38:08,22.22,cash
biz_0109-000333,2024-10-05 07:40:16,25.5,mada
biz_0109-000338,2024-10-05 07:49:36,40.8,cash
biz_0109-000318,2024-10-05 07:57:12,16.69,mada
biz_0109-000372,2024-10-05 08:00:56,21.01,cash
biz_0109-000335,2024-10-05 08:03:34,16.22,cash
biz_0109-000408,2024-10-05 08:08:44,45.7,mada
biz_0109-000382,2024-10-05 08:16:49,35.0,mada
biz_0109-000350,2024-10-05 08:19:18,25.75,mada
biz_0109-000353,2024-10-05 08:25:49,34.16,mada
biz_0109-000397,2024-10-05 08:37:08,35.54,cash
biz_0109-000322,2024-10-05 08:37:19,37.84,mada
biz_0109-000344,2024-10-05 08:41:38,39.93,mada
biz_0109-000390,2024-10-05 09:02:31,27.6,mada
biz_0109-000331,2024-10-05 09:03:40,39.61,mada
biz_0109-000391,2024-10-05 09:05:56,33.57,credit_card
biz_0109-000367,2024-10-05 09:16:08,31.02,mada
biz_0109-000388,2024-10-05 09:18:01,31.24,mada
biz_0109-000368,2024-10-05 09:19:53,22.01,cash
biz_0109-000329,2024-10-05 09:20:06,45.26,cash
biz_0109-000342,2024-10-05 09:24:28,20.99,mada
biz_0109-000370,2024-10-05 09:33:49,17.07,mada
biz_0109-000404,2024-10-05 09:40:33,19.63,mada
biz_0109-000373,2024-10-05 09:49:50,32.01,cash
biz_0109-000341,2024-10-05 10:02:46,28.46,mada
biz_0109-000405,2024-10-05 10:23:43,35.49,mada
biz_0109-000343,2024-10-05 10:27:34,33.18,mada
biz_0109-000374,2024-10-05 10:27:34,25.63,mada
biz_0109-000337,2024-10-05 10:38:28,37.9,mada
biz_0109-000326,2024-10-05 10:56:28,23.6,mada
biz_0109-000379,2024-10-05 11:26:18,44.76,mada
biz_0109-000352,2024-10-05 11:32:56,31.45,mada
biz_0109-000365,2024-10-05 11:36:45,26.08,cash
biz_0109-000336,2024-10-05 11:53:55,44.88,mada
biz_0109-000348,2024-10-05 12:03:34,40.31,mada
biz_0109-000377,2024-10-05 12:15:39,10.0,cash
biz_0109-000369,2024-10-05 12:22:03,10.19,mada
biz_0109-000401,2024-10-05 12:24:27,16.81,credit_card
biz_0109-000356,2024-10-05 12:47:53,71.76,mada
biz_0109-000340,2024-10-05 12:54:47,85.92,mada
biz_0109-000389,2024-10-05 13:08:17,42.78,mada
biz_0109-000366,2024-10-05 13:25:41,34.95,mada
biz_0109-000319,2024-10-05 13:27:04,23.87,mada
biz_0109-000387,2024-10-05 13:32:21,19.84,credit_card
biz_0109-000325,2024-10-05 13:43:29,31.03,cash
biz_0109-000362,2024-10-05 13:46:25,47.34,cash
biz_0109-000381,2024-10-05 14:20:27,19.82,cash
biz_0109-000354,2024-10-05 14:20:50,21.6,mada
biz_0109-000383,2024-10-05 14:22:56,43.47,mada
biz_0109-000317,2024-10-05 14:26:46,33.27,mada
biz_0109-000327,2024-10-05 14:27:28,8.48,credit_card
biz_0109-000361,2024-10-05 14:30:53,38.02,mada
biz_0109-000359,2024-10-05 14:31:44,21.25,mada
biz_0109-000364,2024-10-05 14:53:12,23.98,cash
biz_0109-000392,2024-10-05 14:55:40,39.33,credit_card
biz_0109-000355,2024-10-05 15:13:23,25.84,credit_card
biz_0109-000394,2024-10-05 15:15:52,44.64,credit_card
biz_0109-000321,2024-10-05 15:26:41,52.28,cash
biz_0109-000339,2024-10-05 15:27:25,16.66,mada
biz_0109-000324,2024-10-05 15:31:02,22.91,mada
biz_0109-000345,2024-10-05 15:38:06,70.88,mada
biz_0109-000393,2024-10-05 15:38:13,12.6,credit_card
biz_0109-000400,2024-10-05 15:57:20,25.41,mada
biz_0109-000396,2024-10-05 16:06:41,22.6,mada
biz_0109-000334,2024-10-05 16:08:09,24.78,credit_card
biz_0109-000386,2024-10-05 16:11:06,24.13,cash
biz_0109-000360,2024-10-05 16:13:55,44.03,mada
biz_0109-000351,2024-10-05 16:19:22,28.18,mada
biz_0109-000380,2024-10-05 16:19:45,42.81,cash
biz_0109-000406,2024-10-05 16:31:49,15.06,credit_card
biz_0109-000328,2024-10-05 16:32:49,54.98,mada
biz_0109-000323,2024-10-05 16:36:15,32.16,mada
biz_0109-000399,2024-10-05 16:39:01,19.05,credit_card
biz_0109-000346,2024-10-05 17:20:04,35.31,cash
biz_0109-000357,2024-10-05 17:37:24,33.88,mada
biz_0109-000403,2024-10-05 17:43:27,24.07,mada
biz_0109-000371,2024-10-05 17:57:13,38.22,mada
biz_0109-000407,2024-10-05 18:05:48,29.02,credit_card
biz_0109-000330,2024-10-05 18:08:49,19.29,mada
biz_0109-000375,2024-10-05 18:17:43,41.04,mada
biz_0109-000398,2024-10-05 18:17:57,24.3,mada
biz_0109-000347,2024-10-05 18:49:23,32.84,credit_card
biz_0109-000385,2024-10-05 19:38:05,42.13,credit_card
biz_0109-000376,2024-10-05 19:53:17,25.57,mada
biz_0109-000384,2024-10-05 20:00:26,22.2,mada
biz_0109-000402,2024-10-05 20:13:35,32.14,mada
biz_0109-000378,2024-10-05 21:22:29,40.96,cash
biz_0109-000438,2024-10-06 01:00:37,38.5,mada
biz_0109-000491,2024-10-06 02:10:50,18.75,mada
biz_0109-000447,2024-10-06 06:18:22,34.72,mada
biz_0109-000461,2024-10-06 07:06:31,43.38,mada
biz_0109-000487,2024-10-06 07:07:19,29.07,mada
biz_0109-000476,2024-10-06 07:10:33,22.93,mada
biz_0109-000498,2024-10-06 07:14:26,16.21,mada
biz_0109-000416,2024-10-06 07:15:26,26.44,mada
biz_0109-000423,2024-10-06 07:25:09,38.76,cash
biz_0109-000463,2024-10-06 07:36:33,11.65,mada
biz_0109-000488,2024-10-06 07:46:59,14.64,mada
biz_0109-000426,2024-10-06 08:05:33,110.48,mada
biz_0109-000458,2024-10-06 08:06:55,13.53,cash
biz_0109-000425,2024-10-06 08:15:09,24.59,mada
biz_0109-000474,2024-10-06 08:16:18,58.64,mada
biz_0109-000465,2024-10-06 08:17:31,18.75,mada
biz_0109-000475,2024-10-06 08:21:12,30.27,credit_card
biz_0109-000427,2024-10-06 08:25:03,24.66,mada
biz_0109-000460,2024-10-06 08:25:47,12.77,credit_card
biz_0109-000466,2024-10-06 08:39:16,17.26,cash
biz_0109-000435,2024-10-06 08:41:04,19.84,mada
biz_0109-000472,2024-10-06 08:47:53,28.05,mada
biz_0109-000497,2024-10-06 09:05:14,28.38,credit_card
biz_0109-000417,2024-10-06 09:18:53,55.8,mada
biz_0109-000496,2024-10-06 09:27:50,25.12,cash
biz_0109-000415,2024-10-06 09:30:00,85.36,mada
biz_0109-000486,2024-10-06 09:36:20,14.24,credit_card
biz_0109-000436,2024-10-06 09:50:27,30.18,mada
biz_0109-000420,2024-10-06 09:50:56,22.52,cash
biz_0109-000449,2024-10-06 10:30:25,33.69,mada
biz_0109-000485,2024-10-06 10:30:46,21.07,mada
biz_0109-000434,2024-10-06 10:37:54,26.12,mada
biz_0109-000457,2024-10-06 10:53:12,30.6,cash
biz_0109-000441,2024-10-06 10:54:03,28.05,mada
biz_0109-000428,2024-10-06 10:57:47,31.78,cash
biz_0109-000430,2024-10-06 11:03:19,27.08,mada
biz_0109-000453,2024-10-06 11:18:50,19.95,mada
biz_0109-000444,2024-10-06 11:20:08,27.07,credit_card
biz_0109-000500,2024-10-06 11:40:33,45.23,mada
biz_0109-000484,2024-10-06 11:54:55,44.78,mada
biz_0109-000482,2024-10-06 12:00:23,46.21,mada
biz_0109-000432,2024-10-06 12:00:49,27.77,credit_card
biz_0109-000480,2024-10-06 12:02:45,45.92,mada
biz_0109-000489,2024-10-06 12:03:46,31.72,mada
biz_0109-000422,2024-10-06 12:54:57,18.14,mada
biz_0109-000471,2024-10-06 12:57:05,27.6,mada
biz_0109-000409,2024-10-06 13:05:35,15.49,mada
biz_0109-000412,2024-10-06 13:05:36,21.13,credit_card
biz_0109-000421,2024-10-06 13:09:39,51.61,mada
biz_0109-000499,2024-10-06 13:16:15,16.69,mada
biz_0109-000413,2024-10-06 13:33:07,26.18,mada
biz_0109-000440,2024-10-06 14:08:02,16.15,mada
biz_0109-000411,2024-10-06 14:21:26,29.58,mada
biz_0109-000452,2024-10-06 14:25:55,79.52,mada
biz_0109-000501,2024-10-06 14:59:50,35.97,mada
biz_0109-000419,2024-10-06 15:12:18,22.4,credit_card
biz_0109-000424,2024-10-06 15:17:48,14.0,mada
biz_0109-000462,2024-10-06 15:38:38,22.69,cash
biz_0109-000437,2024-10-06 15:50:08,19.76,mada
biz_0109-000445,2024-10-06 15:51:28,29.39,mada
biz_0109-000442,2024-10-06 16:08:49,23.57,mada
biz_0109-000454,2024-10-06 16:24:23,19.94,mada
biz_0109-000446,2024-10-06 16:29:13,21.29,mada
biz_0109-000473,2024-10-06 16:30:19,15.6,mada
biz_0109-000467,2024-10-06 16:34:08,45.88,mada
biz_0109-000478,2024-10-06 16:35:54,23.02,cash
biz_0109-000439,2024-10-06 17:04:45,13.5,mada
biz_0109-000451,2024-10-06 17:13:51,11.92,mada
biz_0109-000479,2024-10-06 17:15:12,32.85,cash
biz_0109-000448,2024-10-06 17:23:51,65.52,credit_card
biz_0109-000456,2024-10-06 17:26:52,23.8,mada
biz_0109-000410,2024-10-06 17:31:44,24.5,cash
biz_0109-000455,2024-10-06 17:36:44,34.72,credit_card
biz_0109-000433,2024-10-06 17:38:23,43.64,credit_card
biz_0109-000469,2024-10-06 17:51:39,25.5,mada
biz_0109-000418,2024-10-06 17:53:03,28.46,mada
biz_0109-000429,2024-10-06 17:56:31,16.57,cash
biz_0109-000493,2024-10-06 18:00:25,55.86,cash
biz_0109-000464,2024-10-06 18:11:04,18.36,cash
biz_0109-000459,2024-10-06 18:21:07,13.53,mada
biz_0109-000495,2024-10-06 18:21:25,38.18,mada
biz_0109-000414,2024-10-06 18:28:47,21.94,mada
biz_0109-000483,2024-10-06 18:28:53,40.16,mada
biz_0109-000443,2024-10-06 18:43:05,86.97,mada
biz_0109-000481,2024-10-06 18:45:54,36.9,cash
biz_0109-000470,2024-10-06 18:57:44,37.87,credit_card
biz_0109-000490,2024-10-06 19:16:11,37.09,cash
biz_0109-000468,2024-10-06 19:24:28,28.39,mada
biz_0109-000450,2024-10-06 19:46:29,33.77,mada
biz_0109-000477,2024-10-06 21:55:16,27.8,cash
biz_0109-000492,2024-10-06 22:16:59,24.49,credit_card
biz_0109-000431,2024-10-06 22:20:51,43.12,credit_card
biz_0109-000494,2024-10-06 23:00:31,17.8,credit_card
biz_0109-000539,2024-10-07 03:11:07,32.23,mada
biz_0109-000538,2024-10-07 07:03:05,23.5,cash
biz_0109-000575,2024-10-07 07:13:05,24.78,mada
biz_0109-000599,2024-10-07 07:24:29,26.9,mada
biz_0109-000519,2024-10-07 07:31:12,43.91,credit_card
biz_0109-000537,2024-10-07 07:36:26,37.29,mada
biz_0109-000543,2024-10-07 08:10:22,20.63,mada
biz_0109-000530,2024-10-07 08:12:50,15.41,credit_card
biz_0109-000559,2024-10-07 08:19:06,32.73,mada
biz_0109-000569,2024-10-07 08:21:28,50.99,credit_card
biz_0109-000522,2024-10-07 08:32:33,15.05,mada
biz_0109-000526,2024-10-07 08:34:49,23.72,mada
biz_0109-000507,2024-10-07 08:36:55,27.0,credit_card
biz_0109-000506,2024-10-07 08:38:55,45.37,credit_card
biz_0109-000511,2024-10-07 08:41:19,53.98,mada
biz_0109-000584,2024-10-07 08:47:24,21.88,mada
biz_0109-000512,2024-10-07 08:48:20,25.2,cash
biz_0109-000548,2024-10-07 08:52:39,33.67,credit_card
biz_0109-000502,2024-10-07 08:56:52,13.04,mada
biz_0109-000572,2024-10-07 09:01:09,71.13,cash
biz_0109-000534,2024-10-07 09:01:49,17.0,mada
biz_0109-000564,2024-10-07 09:14:08,19.25,mada
biz_0109-000536,2024-10-07 09:22:09,46.3,mada
biz_0109-000515,2024-10-07 09:36:48,40.45,mada
biz_0109-000557,2024-10-07 09:47:37,35.19,mada
biz_0109-000529,2024-10-07 09:49:54,21.02,mada
biz_0109-000542,2024-10-07 09:52:03,47.79,cash
biz_0109-000562,2024-10-07 09:53:18,21.61,cash
biz_0109-000508,2024-10-07 09:58:50,23.58,cash
biz_0109-000566,2024-10-07 10:20:21,23.58,mada
biz_0109-000505,2024-10-07 10:36:17,12.42,mada
biz_0109-000556,2024-10-07 10:37:43,34.26,mada
biz_0109-000580,2024-10-07 10:42:10,39.44,mada
biz_0109-000523,2024-10-07 10:59:24,18.58,mada
biz_0109-000600,2024-10-07 11:56:37,34.25,mada
biz_0109-000514,2024-10-07 12:06:54,24.56,mada
biz_0109-000589,2024-10-07 12:10:52,32.33,cash
biz_0109-000592,2024-10-07 12:13:33,39.72,credit_card
biz_0109-000527,2024-10-07 12:23:42,35.53,mada
biz_0109-000540,2024-10-07 12:24:56,14.98,credit_card
biz_0109-000518,2024-10-07 12:33:25,32.01,cash
biz_0109-000513,2024-10-07 12:36:58,26.76,cash
biz_0109-000535,2024-10-07 12:37:20,20.58,mada
biz_0109-000594,2024-10-07 12:40:09,28.42,mada
biz_0109-000516,2024-10-07 12:52:42,23.98,mada
biz_0109-000567,2024-10-07 12:55:41,23.84,mada
biz_0109-000568,2024-10-07 12:59:07,18.68,cash
biz_0109-000570,2024-10-07 13:19:03,19.72,credit_card
biz_0109-000525,2024-10-07 13:22:33,34.44,mada
biz_0109-000553,2024-10-07 13:46:32,19.57,mada
biz_0109-000563,2024-10-07 14:14:32,38.58,mada
biz_0109-000587,2024-10-07 14:16:28,33.41,mada
biz_0109-000541,2024-10-07 14:20:59,26.29,cash
biz_0109-000531,2024-10-07 14:25:32,48.98,cash
biz_0109-000558,2024-10-07 14:32:53,20.3,mada
biz_0109-000520,2024-10-07 14:35:40,125.45,cash
biz_0109-000593,2024-10-07 14:36:28,15.96,mada
biz_0109-000544,2024-10-07 14:36:55,18.02,mada
biz_0109-000588,2024-10-07 14:36:57,22.69,mada
biz_0109-000510,2024-10-07 14:37:38,45.45,mada
biz_0109-000524,2024-10-07 14:42:04,43.66,mada
biz_0109-000586,2024-10-07 14:47:19,19.49,mada
biz_0109-000591,2024-10-07 14:57:38,33.6,mada
biz_0109-000597,2024-10-07 15:09:05,21.22,cash
biz_0109-000578,2024-10-07 15:20:13,35.29,mada
biz_0109-000555,2024-10-07 15:43:38,26.58,cash
biz_0109-000565,2024-10-07 15:58:42,23.62,cash
biz_0109-000583,2024-10-07 16:03:56,28.84,mada
biz_0109-000528,2024-10-07 16:06:00,21.16,cash
biz_0109-000552,2024-10-07 16:10:40,24.93,credit_card
biz_0109-000549,2024-10-07 16:19:22,32.6,cash
biz_0109-000585,2024-10-07 16:21:03,29.97,mada
biz_0109-000581,2024-10-07 16:24:02,31.89,mada
biz_0109-000547,2024-10-07 16:29:30,52.63,mada
biz_0109-000574,2024-10-07 16:32:03,26.82,mada
biz_0109-000596,2024-10-07 16:34:46,23.48,mada
biz_0109-000532,2024-10-07 16:38:59,28.06,mada
biz_0109-000582,2024-10-07 16:48:05,57.0,mada
biz_0109-000521,2024-10-07 17:00:44,26.03,mada
biz_0109-000573,2024-10-07 17:01:22,21.9,cash
biz_0109-000551,2024-10-07 17:09:37,24.29,mada
biz_0109-000546,2024-10-07 17:13:03,85.06,cash
biz_0109-000554,2024-10-07 17:20:32,18.45,mada
biz_0109-000545,2024-10-07 17:24:58,25.88,mada
biz_0109-000561,2024-10-07 17:30:02,23.37,mada
biz_0109-000550,2024-10-07 17:32:36,14.13,mada
biz_0109-000576,2024-10-07 17:32:44,22.18,mada
biz_0109-000533,2024-10-07 17:51:16,25.69,mada
biz_0109-000579,2024-10-07 18:02:37,52.19,mada
biz_0109-000560,2024-10-07 18:03:38,69.01,mada
biz_0109-000503,2024-10-07 18:18:27,10.26,mada
biz_0109-000509,2024-10-07 18:23:29,38.83,cash
biz_0109-000571,2024-10-07 18:24:14,29.26,cash
biz_0109-000598,2024-10-07 18:43:38,48.72,mada
biz_0109-000577,2024-10-07 19:16:38,29.65,mada
biz_0109-000595,2024-10-07 19:16:43,26.75,credit_card
biz_0109-000590,2024-10-07 19:50:59,33.88,mada
biz_0109-000517,2024-10-07 20:27:30,10.08,mada
biz_0109-000504,2024-10-07 20:43:30,47.32,mada
biz_0109-000655,2024-10-08 07:05:12,18.25,mada
biz_0109-000679,2024-10-08 07:28:55,30.8,credit_card
biz_0109-000682,2024-10-08 07:29:25,28.57,mada
biz_0109-000718,2024-10-08 07:30:03,17.45,credit_card
biz_0109-000688,2024-10-08 07:34:46,9.81,credit_card
biz_0109-000687,2024-10-08 07:48:27,29.56,mada
biz_0109-000703,2024-10-08 07:50:06,20.15,mada
biz_0109-000715,2024-10-08 07:57:12,37.75,mada
biz_0109-000698,2024-10-08 07:59:33,38.65,mada
biz_0109-000663,2024-10-08 08:04:12,53.06,mada
biz_0109-000699,2024-10-08 08:10:13,34.75,mada
biz_0109-000710,2024-10-08 08:10:49,24.74,mada
biz_0109-000648,2024-10-08 08:12:11,23.24,mada
biz_0109-000701,2024-10-08 08:14:57,42.16,mada
biz_0109-000618,2024-10-08 08:16:32,31.53,mada
biz_0109-000714,2024-10-08 08:16:36,22.21,credit_card
biz_0109-000601,2024-10-08 08:18:00,31.85,mada
biz_0109-000612,2024-10-08 08:32:40,48.61,mada
biz_0109-000716,2024-10-08 08:33:24,28.21,credit_card
biz_0109-000657,2024-10-08 08:40:12,30.55,mada
biz_0109-000609,2024-10-08 08:40:33,25.69,mada
biz_0109-000675,2024-10-08 08:45:31,26.64,credit_card
biz_0109-000720,2024-10-08 08:46:31,41.05,mada
biz_0109-000651,2024-10-08 08:47:33,12.0,cash
biz_0109-000626,2024-10-08 08:51:18,14.98,mada
biz_0109-000656,2024-10-08 08:54:45,53.42,mada
biz_0109-000606,2024-10-08 09:10:28,23.65,cash
biz_0109-000684,2024-10-08 09:12:04,31.24,mada
biz_0109-000680,2024-10-08 09:16:55,40.08,mada
biz_0109-000635,2024-10-08 09:36:07,27.55,mada
biz_0109-000613,2024-10-08 09:38:49,39.86,credit_card
biz_0109-000676,2024-10-08 10:47:18,42.99,credit_card
biz_0109-000616,2024-10-08 10:55:50,44.32,mada
biz_0109-000683,2024-10-08 11:06:30,28.5,cash
biz_0109-000712,2024-10-08 11:21:40,38.22,credit_card
biz_0109-000623,2024-10-08 11:22:24,50.74,mada
biz_0109-000700,2024-10-08 11:23:20,31.69,mada
biz_0109-000681,2024-10-08 11:35:31,15.76,mada
biz_0109-000650,2024-10-08 11:46:38,19.65,mada
biz_0109-000689,2024-10-08 12:01:28,59.44,credit_card
biz_0109-000652,2024-10-08 12:05:37,20.4,cash
biz_0109-000649,2024-10-08 12:06:04,23.25,mada
biz_0109-000636,2024-10-08 12:06:12,22.51,credit_card
biz_0109-000696,2024-10-08 12:18:57,23.34,mada
biz_0109-000614,2024-10-08 12:30:30,33.37,credit_card
biz_0109-000633,2024-10-08 12:30:58,14.61,cash
biz_0109-000654,2024-10-08 12:34:50,59.05,mada
biz_0109-000706,2024-10-08 12:39:43,15.08,mada
biz_0109-000673,2024-10-08 12:51:09,21.68,mada
biz_0109-000721,2024-10-08 12:53:15,34.52,credit_card
biz_0109-000622,2024-10-08 13:16:25,17.95,mada
biz_0109-000643,2024-10-08 13:17:46,42.77,mada
biz_0109-000621,2024-10-08 13:19:58,33.16,mada
biz_0109-000717,2024-10-08 13:20:09,50.29,mada
biz_0109-000659,2024-10-08 13:23:03,38.79,mada
biz_0109-000674,2024-10-08 13:24:42,21.87,mada
biz_0109-000707,2024-10-08 13:38:34,24.78,cash
biz_0109-000604,2024-10-08 13:55:36,19.09,mada
biz_0109-000709,2024-10-08 14:02:49,26.38,mada
biz_0109-000624,2024-10-08 14:03:41,23.7,credit_card
biz_0109-000695,2024-10-08 14:04:19,22.38,mada
biz_0109-000658,2024-10-08 14:07:31,15.28,cash
biz_0109-000642,2024-10-08 14:11:14,15.98,mada
biz_0109-000667,2024-10-08 14:11:27,26.71,mada
biz_0109-000653,2024-10-08 14:12:03,42.19,mada
biz_0109-000641,2024-10-08 14:18:10,18.04,cash
biz_0109-000662,2024-10-08 14:19:05,24.48,credit_card
biz_0109-000672,2024-10-08 14:19:57,14.67,mada
biz_0109-000615,2024-10-08 14:22:30,50.03,credit_card
biz_0109-000628,2024-10-08 14:27:29,17.38,mada
biz_0109-000639,2024-10-08 14:28:26,39.97,mada
biz_0109-000685,2024-10-08 14:30:36,32.99,cash
biz_0109-000694,2024-10-08 14:31:49,34.85,mada
biz_0109-000666,2024-10-08 14:34:28,25.95,mada
biz_0109-000690,2024-10-08 14:55:48,13.76,mada
biz_0109-000686,2024-10-08 15:02:35,27.88,credit_card
biz_0109-000646,2024-10-08 15:15:43,32.82,credit_card
biz_0109-000711,2024-10-08 15:18:34,18.15,credit_card
biz_0109-000617,2024-10-08 15:21:25,14.01,mada
biz_0109-000722,2024-10-08 15:27:47,22.44,mada
biz_0109-000678,2024-10-08 15:37:27,23.3,cash
biz_0109-000705,2024-10-08 15:42:01,116.35,mada
biz_0109-000671,2024-10-08 15:47:02,17.28,cash
biz_0109-000693,2024-10-08 15:50:04,18.72,cash
biz_0109-000647,2024-10-08 15:55:50,56.5,mada
biz_0109-000607,2024-10-08 16:00:30,28.45,mada
biz_0109-000631,2024-10-08 16:02:44,19.05,mada
biz_0109-000665,2024-10-08 16:04:11,40.38,mada
biz_0109-000632,2024-10-08 16:04:52,20.25,mada
biz_0109-000660,2024-10-08 16:06:54,25.0,credit_card
biz_0109-000704,2024-10-08 16:08:51,29.7,mada
biz_0109-000625,2024-10-08 16:17:13,39.85,cash
biz_0109-000602,2024-10-08 16:27:11,70.7,cash
biz_0109-000610,2024-10-08 16:33:36,20.37,mada
biz_0109-000645,2024-10-08 16:39:12,36.9,mada
biz_0109-000634,2024-10-08 16:52:12,27.32,mada
biz_0109-000708,2024-10-08 16:52:54,42.41,credit_card
biz_0109-000677,2024-10-08 16:57:29,16.84,cash
biz_0109-000629,2024-10-08 17:10:08,14.85,mada
biz_0109-000619,2024-10-08 17:10:11,22.84,mada
biz_0109-000713,2024-10-08 17:14:08,21.42,mada
biz_0109-000608,2024-10-08 17:14:42,12.29,mada
biz_0109-000668,2024-10-08 17:22:59,27.75,mada
biz_0109-000661,2024-10-08 17:24:18,26.45,mada
biz_0109-000723,2024-10-08 17:30:12,24.11,cash
biz_0109-000603,2024-10-08 17:37:42,15.33,credit_card
biz_0109-000644,2024-10-08 17:46:19,40.33,cash
biz_0109-000692,2024-10-08 17:48:49,23.93,mada
biz_0109-000605,2024-10-08 18:15:09,14.34,mada
biz_0109-000620,2024-10-08 18:18:02,23.02,mada
biz_0109-000627,2024-10-08 18:21:29,26.96,mada
biz_0109-000719,2024-10-08 18:41:03,25.98,mada
biz_0109-000638,2024-10-08 18:45:09,18.75,cash
biz_0109-000670,2024-10-08 18:45:21,59.07,credit_card
biz_0109-000664,2024-10-08 19:00:56,24.13,mada
biz_0109-000640,2024-10-08 19:40:02,26.58,mada
biz_0109-000630,2024-10-08 20:03:42,21.81,mada
biz_0109-000697,2024-10-08 20:05:51,31.16,credit_card
biz_0109-000691,2024-10-08 20:23:27,33.29,mada
biz_0109-000702,2024-10-08 20:33:33,10.45,mada
biz_0109-000637,2024-10-08 21:02:20,23.94,cash
biz_0109-000611,2024-10-08 21:23:38,30.28,cash
biz_0109-000669,2024-10-08 22:33:56,36.69,mada
biz_0109-000739,2024-10-09 04:26:35,38.16,mada
biz_0109-000780,2024-10-09 07:01:13,25.49,mada
biz_0109-000801,2024-10-09 07:19:07,36.03,mada
biz_0109-000774,2024-10-09 07:22:47,21.76,credit_card
biz_0109-000772,2024-10-09 07:51:56,37.17,cash
biz_0109-000812,2024-10-09 07:57:52,36.97,credit_card
biz_0109-000734,2024-10-09 08:08:27,17.05,mada
biz_0109-000740,2024-10-09 08:14:02,23.89,mada
biz_0109-000760,2024-10-09 08:15:24,43.66,mada
biz_0109-000802,2024-10-09 08:32:43,36.78,mada
biz_0109-000742,2024-10-09 08:45:48,31.86,mada
biz_0109-000781,2024-10-09 08:47:43,23.44,mada
biz_0109-000791,2024-10-09 08:55:56,30.04,credit_card
biz_0109-000793,2024-10-09 08:57:34,29.95,mada
biz_0109-000753,2024-10-09 08:59:26,12.13,mada
biz_0109-000767,2024-10-09 09:00:07,22.96,cash
biz_0109-000769,2024-10-09 09:05:22,59.46,mada
biz_0109-000807,2024-10-09 09:06:37,20.64,credit_card
biz_0109-000759,2024-10-09 09:07:36,25.79,mada
biz_0109-000765,2024-10-09 09:11:56,25.2,mada
biz_0109-000788,2024-10-09 09:32:15,51.09,mada
biz_0109-000795,2024-10-09 09:34:24,27.66,credit_card
biz_0109-000762,2024-10-09 09:35:06,20.46,mada
biz_0109-000724,2024-10-09 09:50:09,55.61,mada
biz_0109-000770,2024-10-09 09:52:46,16.64,mada
biz_0109-000800,2024-10-09 09:58:15,25.0,mada
biz_0109-000778,2024-10-09 10:12:17,33.04,cash
biz_0109-000728,2024-10-09 10:32:36,37.82,mada
biz_0109-000809,2024-10-09 10:36:57,35.46,mada
biz_0109-000733,2024-10-09 11:02:34,20.09,cash
biz_0109-000736,2024-10-09 11:12:49,18.37,cash
biz_0109-000771,2024-10-09 11:25:03,21.61,mada
biz_0109-000746,2024-10-09 11:56:27,75.93,mada
biz_0109-000754,2024-10-09 11:57:22,35.64,mada
biz_0109-000763,2024-10-09 12:18:06,36.89,mada
biz_0109-000775,2024-10-09 12:43:37,15.88,credit_card
biz_0109-000813,2024-10-09 12:49:53,28.35,credit_card
biz_0109-000796,2024-10-09 13:23:31,11.85,mada
biz_0109-000737,2024-10-09 13:23:46,50.44,mada
biz_0109-000729,2024-10-09 13:46:26,37.85,mada
biz_0109-000789,2024-10-09 13:46:46,10.41,mada
biz_0109-000752,2024-10-09 13:49:12,55.56,credit_card
biz_0109-000814,2024-10-09 13:50:55,34.95,mada
biz_0109-000756,2024-10-09 13:51:32,36.5,cash
biz_0109-000810,2024-10-09 13:53:20,59.92,mada
biz_0109-000748,2024-10-09 13:54:38,45.46,mada
biz_0109-000741,2024-10-09 13:56:39,19.07,mada
biz_0109-000732,2024-10-09 13:59:55,22.78,mada
biz_0109-000727,2024-10-09 14:22:48,48.53,cash
biz_0109-000804,2024-10-09 14:28:46,21.76,credit_card
biz_0109-000743,2024-10-09 14:34:05,11.2,mada
biz_0109-000783,2024-10-09 14:40:20,64.98,credit_card
biz_0109-000803,2024-10-09 14:40:39,12.62,mada
biz_0109-000735,2024-10-09 14:41:03,16.48,mada
biz_0109-000766,2024-10-09 14:50:51,25.43,credit_card
biz_0109-000757,2024-10-09 15:11:26,25.22,cash
biz_0109-000787,2024-10-09 15:17:50,85.9,mada
biz_0109-000745,2024-10-09 15:49:56,15.52,credit_card
biz_0109-000794,2024-10-09 15:50:36,17.18,mada
biz_0109-000786,2024-10-09 16:01:12,22.63,mada
biz_0109-000768,2024-10-09 16:09:48,45.0,cash
biz_0109-000749,2024-10-09 16:11:41,28.52,mada
biz_0109-000730,2024-10-09 16:12:01,12.65,mada
biz_0109-000731,2024-10-09 16:24:58,21.53,mada
biz_0109-000798,2024-10-09 16:27:42,18.64,mada
biz_0109-000751,2024-10-09 16:27:44,22.07,cash
biz_0109-000815,2024-10-09 16:36:09,16.73,mada
biz_0109-000750,2024-10-09 16:45:37,9.43,mada
biz_0109-000782,2024-10-09 16:54:01,19.1,cash
biz_0109-000797,2024-10-09 17:00:49,27.76,mada
biz_0109-000811,2024-10-09 17:01:54,29.74,mada
biz_0109-000776,2024-10-09 17:19:27,31.23,mada
biz_0109-000725,2024-10-09 17:27:04,20.42,mada
biz_0109-000790,2024-10-09 17:35:37,32.48,mada
biz_0109-000808,2024-10-09 17:38:00,32.76,mada
biz_0109-000726,2024-10-09 17:39:17,12.01,mada
biz_0109-000792,2024-10-09 17:39:28,20.97,mada
biz_0109-000784,2024-10-09 17:56:27,32.53,mada
biz_0109-000805,2024-10-09 18:18:09,46.73,mada
biz_0109-000799,2024-10-09 18:25:02,15.35,mada
biz_0109-000758,2024-10-09 18:33:40,25.56,mada
biz_0109-000773,2024-10-09 18:33:51,37.79,mada
biz_0109-000744,2024-10-09 18:44:45,22.44,mada
biz_0109-000806,2024-10-09 18:47:22,57.09,mada
biz_0109-000779,2024-10-09 18:49:26,30.72,mada
biz_0109-000764,2024-10-09 19:12:12,36.52,mada
biz_0109-000755,2024-10-09 19:18:21,14.64,mada
biz_0109-000738,2024-10-09 20:13:19,35.09,mada
biz_0109-000747,2024-10-09 21:34:55,32.72,mada
biz_0109-000777,2024-10-09 21:38:35,21.62,credit_card
biz_0109-000761,2024-10-09 22:45:35,28.48,mada
biz_0109-000785,2024-10-09 23:25:16,15.31,credit_card
biz_0109-000863,2024-10-10 01:19:15,11.01,cash
biz_0109-000882,2024-10-10 07:01:45,53.88,mada
biz_0109-000858,2024-10-10 07:33:14,25.98,cash
biz_0109-000844,2024-10-10 07:33:57,11.04,credit_card
biz_0109-000852,2024-10-10 07:37:50,23.48,mada
biz_0109-000823,2024-10-10 07:46:13,29.01,mada
biz_0109-000873,2024-10-10 08:03:27,16.09,mada
biz_0109-000838,2024-10-10 08:03:28,38.67,mada
biz_0109-000875,2024-10-10 08:03:42,30.48,mada
biz_0109-000836,2024-10-10 08:09:40,27.28,mada
biz_0109-000860,2024-10-10 08:13:00,42.51,mada
biz_0109-000837,2024-10-10 08:26:06,27.2,mada
biz_0109-000868,2024-10-10 08:38:52,32.15,mada
biz_0109-000841,2024-10-10 08:39:02,48.08,mada
biz_0109-000843,2024-10-10 08:39:41,10.92,mada
biz_0109-000861,2024-10-10 08:45:24,32.84,mada
biz_0109-000842,2024-10-10 08:50:25,35.29,mada
biz_0109-000820,2024-10-10 08:52:45,22.06,cash
biz_0109-000855,2024-10-10 08:56:19,21.97,credit_card
biz_0109-000859,2024-10-10 08:59:48,30.78,cash
biz_0109-000827,2024-10-10 09:09:14,26.69,cash
biz_0109-000872,2024-10-10 09:53:57,20.73,mada
biz_0109-000817,2024-10-10 10:13:56,36.35,mada
biz_0109-000889,2024-10-10 10:41:14,31.92,cash
biz_0109-000829,2024-10-10 10:55:16,17.39,mada
biz_0109-000853,2024-10-10 10:58:01,52.45,mada
biz_0109-000824,2024-10-10 10:58:49,27.09,mada
biz_0109-000846,2024-10-10 11:24:54,23.15,cash
biz_0109-000886,2024-10-10 11:41:06,29.37,cash
biz_0109-000854,2024-10-10 11:46:12,70.55,mada
biz_0109-000818,2024-10-10 12:00:39,43.23,cash
biz_0109-000884,2024-10-10 12:00:58,31.52,cash
biz_0109-000831,2024-10-10 12:04:10,69.22,cash
biz_0109-000835,2024-10-10 12:14:50,28.57,credit_card
biz_0109-000848,2024-10-10 12:31:52,36.57,mada
biz_0109-000871,2024-10-10 12:40:12,28.13,cash
biz_0109-000870,2024-10-10 12:41:01,39.3,mada
biz_0109-000879,2024-10-10 12:58:05,35.88,mada
biz_0109-000857,2024-10-10 13:01:51,33.07,credit_card
biz_0109-000856,2024-10-10 13:35:04,15.06,mada
biz_0109-000874,2024-10-10 13:37:33,60.64,credit_card
biz_0109-000867,2024-10-10 14:25:06,27.57,credit_card
biz_0109-000851,2024-10-10 14:32:19,24.92,cash
biz_0109-000883,2024-10-10 14:56:14,32.03,mada
biz_0109-000828,2024-10-10 15:07:26,42.31,mada
biz_0109-000822,2024-10-10 15:08:59,8.7,credit_card
biz_0109-000877,2024-10-10 15:17:19,32.48,credit_card
biz_0109-000865,2024-10-10 15:21:07,28.73,mada
biz_0109-000832,2024-10-10 15:40:48,9.94,credit_card
biz_0109-000833,2024-10-10 16:09:00,22.87,mada
biz_0109-000847,2024-10-10 16:20:27,30.68,mada
biz_0109-000885,2024-10-10 16:34:17,39.61,mada
biz_0109-000819,2024-10-10 16:41:14,12.9,mada
biz_0109-000816,2024-10-10 16:45:47,30.94,mada
biz_0109-000888,2024-10-10 16:46:23,36.0,mada
biz_0109-000834,2024-10-10 16:51:02,31.11,mada
biz_0109-000850,2024-10-10 17:08:37,37.47,mada
biz_0109-000869,2024-10-10 17:33:53,40.49,credit_card
biz_0109-000864,2024-10-10 17:51:24,25.17,cash
biz_0109-000862,2024-10-10 18:00:51,31.21,mada
biz_0109-000845,2024-10-10 18:08:15,22.05,mada
biz_0109-000849,2024-10-10 18:11:15,25.26,mada
biz_0109-000881,2024-10-10 18:27:52,37.04,cash
biz_0109-000887,2024-10-10 18:31:02,23.94,mada
biz_0109-000821,2024-10-10 18:36:26,74.86,cash
biz_0109-000876,2024-10-10 18:52:46,33.02,mada
biz_0109-000825,2024-10-10 18:58:45,39.33,mada
biz_0109-000826,2024-10-10 19:07:22,22.08,mada
biz_0109-000878,2024-10-10 19:13:49,43.4,mada
biz_0109-000840,2024-10-10 19:27:23,20.12,mada
biz_0109-000839,2024-10-10 19:27:56,20.73,cash
biz_0109-000830,2024-10-10 19:53:11,43.06,mada
biz_0109-000866,2024-10-10 20:02:02,21.33,credit_card
biz_0109-000880,2024-10-10 20:34:07,29.76,credit_card
biz_0109-000891,2024-10-11 00:15:06,45.44,credit_card
biz_0109-000912,2024-10-11 06:56:23,21.38,cash
biz_0109-000918,2024-10-11 07:10:42,19.23,mada
biz_0109-000928,2024-10-11 08:39:53,60.08,cash
biz_0109-000899,2024-10-11 08:53:07,28.76,mada
biz_0109-000890,2024-10-11 09:53:44,23.06,credit_card
biz_0109-000902,2024-10-11 09:57:00,42.46,mada
biz_0109-000920,2024-10-11 10:08:24,29.13,credit_card
biz_0109-000915,2024-10-11 10:43:34,42.43,mada
biz_0109-000921,2024-10-11 11:06:33,17.39,credit_card
biz_0109-000916,2024-10-11 12:08:03,31.49,mada
biz_0109-000929,2024-10-11 12:20:35,40.24,cash
biz_0109-000892,2024-10-11 12:28:23,27.66,mada
biz_0109-000925,2024-10-11 12:36:44,14.51,mada
biz_0109-000906,2024-10-11 12:37:07,12.75,credit_card
biz_0109-000932,2024-10-11 12:52:21,25.05,cash
biz_0109-000914,2024-10-11 13:02:17,29.73,cash
biz_0109-000917,2024-10-11 13:02:44,59.71,mada
biz_0109-000926,2024-10-11 13:27:37,21.22,credit_card
biz_0109-000896,2024-10-11 13:27:37,20.53,cash
biz_0109-000911,2024-10-11 13:37:09,33.96,mada
biz_0109-000930,2024-10-11 13:48:06,41.8,credit_card
biz_0109-000903,2024-10-11 13:57:52,12.48,cash
biz_0109-000894,2024-10-11 13:58:23,41.9,credit_card
biz_0109-000898,2024-10-11 13:58:33,39.16,mada
biz_0109-000931,2024-10-11 15:02:40,21.42,credit_card
biz_0109-000909,2024-10-11 15:48:23,59.06,mada
biz_0109-000923,2024-10-11 16:21:06,24.53,credit_card
biz_0109-000897,2024-10-11 16:24:31,40.94,mada
biz_0109-000907,2024-10-11 16:32:51,35.72,mada
biz_0109-000919,2024-10-11 16:33:01,20.33,mada
biz_0109-000900,2024-10-11 16:36:09,21.97,mada
biz_0109-000913,2024-10-11 16:53:11,23.78,credit_card
biz_0109-000895,2024-10-11 16:54:48,47.81,mada
biz_0109-000901,2024-10-11 17:06:01,21.03,mada
biz_0109-000924,2024-10-11 17:12:59,39.18,mada
biz_0109-000904,2024-10-11 17:24:55,12.49,credit_card
biz_0109-000905,2024-10-11 17:38:39,31.56,mada
biz_0109-000910,2024-10-11 17:48:55,27.54,mada
biz_0109-000893,2024-10-11 17:49:21,24.52,mada
biz_0109-000927,2024-10-11 18:10:00,28.87,mada
biz_0109-000922,2024-10-11 19:09:40,27.58,mada
biz_0109-000908,2024-10-11 20:45:52,39.28,credit_card
biz_0109-000985,2024-10-12 00:10:25,18.19,mada
biz_0109-000994,2024-10-12 01:05:30,82.1,mada
biz_0109-001036,2024-10-12 03:32:04,44.58,mada
biz_0109-001004,2024-10-12 05:58:53,32.12,mada
biz_0109-000987,2024-10-12 07:08:36,27.2,mada
biz_0109-000950,2024-10-12 07:39:22,36.05,mada
biz_0109-001002,2024-10-12 07:40:51,34.99,mada
biz_0109-000991,2024-10-12 07:43:20,31.85,credit_card
biz_0109-000972,2024-10-12 07:44:32,44.74,credit_card
biz_0109-000955,2024-10-12 07:55:03,21.61,mada
biz_0109-000989,2024-10-12 08:01:02,60.45,mada
biz_0109-000973,2024-10-12 08:07:20,13.27,cash
biz_0109-001034,2024-10-12 08:07:25,49.9,cash
biz_0109-000946,2024-10-12 08:18:33,17.83,credit_card
biz_0109-000951,2024-10-12 08:47:28,19.65,cash
biz_0109-001032,2024-10-12 08:50:28,14.23,cash
biz_0109-000982,2024-10-12 08:52:10,24.91,mada
biz_0109-000998,2024-10-12 09:03:59,34.64,mada
biz_0109-000976,2024-10-12 09:04:28,61.21,mada
biz_0109-000984,2024-10-12 09:05:03,26.23,mada
biz_0109-000988,2024-10-12 09:11:52,30.57,mada
biz_0109-001013,2024-10-12 09:12:17,24.26,mada
biz_0109-000945,2024-10-12 09:16:39,21.81,credit_card
biz_0109-001027,2024-10-12 09:22:30,44.61,cash
biz_0109-001029,2024-10-12 09:26:13,18.28,credit_card
biz_0109-000979,2024-10-12 09:31:04,51.24,mada
biz_0109-000995,2024-10-12 09:32:22,54.33,mada
biz_0109-000953,2024-10-12 09:47:32,14.1,mada
biz_0109-000935,2024-10-12 09:49:15,24.62,cash
biz_0109-001028,2024-10-12 10:08:29,27.22,mada
biz_0109-001005,2024-10-12 10:18:46,33.09,mada
biz_0109-001018,2024-10-12 10:38:27,17.6,cash
biz_0109-001025,2024-10-12 11:12:06,33.68,mada
biz_0109-000990,2024-10-12 11:22:45,23.78,cash
biz_0109-001021,2024-10-12 11:46:14,24.7,mada
biz_0109-001003,2024-10-12 12:10:19,6.68,mada
biz_0109-001023,2024-10-12 12:21:04,19.39,mada
biz_0109-001007,2024-10-12 12:27:58,35.41,mada
biz_0109-000978,2024-10-12 12:39:53,25.47,cash
biz_0109-001031,2024-10-12 12:40:34,12.99,cash
biz_0109-001037,2024-10-12 12:46:36,17.27,cash
biz_0109-001026,2024-10-12 12:49:33,34.16,mada
biz_0109-000937,2024-10-12 12:50:45,23.82,mada
biz_0109-001020,2024-10-12 13:01:53,53.71,mada
biz_0109-000960,2024-10-12 13:03:12,27.99,mada
biz_0109-000966,2024-10-12 13:09:27,37.28,credit_card
biz_0109-000993,2024-10-12 13:10:14,59.29,mada
biz_0109-000981,2024-10-12 13:17:43,13.37,mada
biz_0109-000971,2024-10-12 13:21:04,25.56,cash
biz_0109-000986,2024-10-12 13:23:15,16.84,mada
biz_0109-000957,2024-10-12 13:39:19,27.57,mada
biz_0109-000977,2024-10-12 13:44:33,22.38,cash
biz_0109-000949,2024-10-12 13:55:09,35.0,mada
biz_0109-000934,2024-10-12 13:56:30,17.72,mada
biz_0109-000975,2024-10-12 14:00:31,36.39,mada
biz_0109-001011,2024-10-12 14:00:41,42.67,credit_card
biz_0109-001012,2024-10-12 14:09:01,36.83,mada
biz_0109-000952,2024-10-12 14:15:20,25.44,mada
biz_0109-000974,2024-10-12 14:18:12,31.1,mada
biz_0109-000948,2024-10-12 14:25:13,23.04,credit_card
biz_0109-000980,2024-10-12 14:26:56,42.8,cash
biz_0109-001019,2024-10-12 14:29:31,37.86,mada
biz_0109-000999,2024-10-12 14:37:24,31.32,mada
biz_0109-000962,2024-10-12 14:48:45,21.89,cash
biz_0109-000941,2024-10-12 15:16:54,23.75,credit_card
biz_0109-000968,2024-10-12 15:20:52,115.41,mada
biz_0109-001030,2024-10-12 15:23:30,43.13,mada
biz_0109-001024,2024-10-12 15:57:16,16.61,credit_card
biz_0109-001038,2024-10-12 15:58:32,48.78,credit_card
biz_0109-000933,2024-10-12 16:14:12,12.92,mada
biz_0109-000965,2024-10-12 16:15:15,22.15,mada
biz_0109-000956,2024-10-12 16:18:08,20.63,mada
biz_0109-000958,2024-10-12 16:22:22,18.38,credit_card
biz_0109-001010,2024-10-12 16:31:19,19.48,mada
biz_0109-000969,2024-10-12 16:33:41,19.45,mada
biz_0109-001016,2024-10-12 16:40:06,32.49,mada
biz_0109-000942,2024-10-12 16:54:40,90.81,credit_card
biz_0109-001035,2024-10-12 17:06:06,8.83,mada
biz_0109-000997,2024-10-12 17:09:46,20.51,mada
biz_0109-000940,2024-10-12 17:10:15,32.01,cash
biz_0109-000938,2024-10-12 17:11:19,28.82,credit_card
biz_0109-000992,2024-10-12 17:17:43,25.2,mada
biz_0109-000996,2024-10-12 17:19:54,22.54,mada
biz_0109-000944,2024-10-12 17:27:42,14.82,cash
biz_0109-000967,2024-10-12 17:37:21,29.5,cash
biz_0109-001022,2024-10-12 17:39:56,35.86,cash
biz_0109-001006,2024-10-12 17:41:43,40.66,mada
biz_0109-001008,2024-10-12 17:42:17,39.93,mada
biz_0109-000936,2024-10-12 17:44:02,14.7,credit_card
biz_0109-001015,2024-10-12 17:50:54,32.5,mada
biz_0109-001000,2024-10-12 17:51:11,24.9,mada
biz_0109-001009,2024-10-12 17:59:23,22.15,credit_card
biz_0109-000947,2024-10-12 18:03:09,24.68,credit_card
biz_0109-001014,2024-10-12 18:07:58,13.24,mada
biz_0109-000983,2024-10-12 18:17:05,32.94,mada
biz_0109-000964,2024-10-12 18:26:37,17.99,mada
biz_0109-000963,2024-10-12 18:59:20,16.25,mada
biz_0109-000954,2024-10-12 19:05:28,11.73,mada
biz_0109-001017,2024-10-12 19:17:41,18.32,credit_card
biz_0109-000939,2024-10-12 19:20:48,36.48,mada
biz_0109-000943,2024-10-12 19:24:34,44.91,credit_card
biz_0109-000961,2024-10-12 19:35:34,27.11,cash
biz_0109-000959,2024-10-12 19:46:57,21.92,mada
biz_0109-000970,2024-10-12 19:47:27,25.3,mada
biz_0109-001033,2024-10-12 21:37:00,61.72,credit_card
biz_0109-001001,2024-10-12 22:01:07,46.68,mada
biz_0109-001099,2024-10-13 01:08:19,55.17,mada
biz_0109-001127,2024-10-13 06:10:48,29.41,mada
biz_0109-001072,2024-10-13 07:01:41,16.83,credit_card
biz_0109-001061,2024-10-13 07:25:21,28.07,mada
biz_0109-001079,2024-10-13 07:44:38,36.14,mada
biz_0109-001101,2024-10-13 08:02:00,33.8,mada
biz_0109-001123,2024-10-13 08:06:32,17.29,credit_card
biz_0109-001102,2024-10-13 08:12:20,31.58,mada
biz_0109-001056,2024-10-13 08:14:58,46.53,credit_card
biz_0109-001117,2024-10-13 08:18:51,25.39,mada
biz_0109-001105,2024-10-13 08:21:23,21.06,cash
biz_0109-001075,2024-10-13 08:22:23,34.55,cash
biz_0109-001110,2024-10-13 08:48:05,17.66,mada
biz_0109-001039,2024-10-13 08:53:53,32.08,mada
biz_0109-001093,2024-10-13 08:56:05,53.02,mada
biz_0109-001063,2024-10-13 09:04:06,42.47,mada
biz_0109-001088,2024-10-13 09:13:47,24.67,mada
biz_0109-001081,2024-10-13 09:13:49,77.84,mada
biz_0109-001057,2024-10-13 09:14:08,57.78,cash
biz_0109-001124,2024-10-13 09:14:28,28.86,mada
biz_0109-001053,2024-10-13 09:16:15,71.7,mada
biz_0109-001050,2024-10-13 09:18:29,10.61,cash
biz_0109-001111,2024-10-13 09:28:35,32.56,mada
biz_0109-001049,2024-10-13 09:36:28,24.07,mada
biz_0109-001059,2024-10-13 09:39:49,37.44,mada
biz_0109-001084,2024-10-13 09:41:40,63.8,mada
biz_0109-001087,2024-10-13 10:07:26,26.55,mada
biz_0109-001115,2024-10-13 10:13:47,30.69,mada
biz_0109-001069,2024-10-13 10:30:54,24.24,credit_card
biz_0109-001096,2024-10-13 10:53:19,36.01,mada
biz_0109-001119,2024-10-13 10:57:46,13.11,mada
biz_0109-001066,2024-10-13 11:02:13,26.2,credit_card
biz_0109-001062,2024-10-13 11:07:49,15.47,mada
biz_0109-001125,2024-10-13 11:24:26,28.08,mada
biz_0109-001040,2024-10-13 11:32:33,14.96,mada
biz_0109-001128,2024-10-13 12:13:02,45.27,mada
biz_0109-001107,2024-10-13 12:17:31,40.0,mada
biz_0109-001100,2024-10-13 12:26:39,33.74,mada
biz_0109-001121,2024-10-13 12:27:11,36.47,mada
biz_0109-001131,2024-10-13 13:09:16,29.58,mada
biz_0109-001070,2024-10-13 13:19:50,18.35,mada
biz_0109-001082,2024-10-13 13:20:21,39.33,mada
biz_0109-001095,2024-10-13 13:32:50,26.27,mada
biz_0109-001106,2024-10-13 13:35:07,27.86,mada
biz_0109-001120,2024-10-13 13:48:27,23.48,credit_card
biz_0109-001076,2024-10-13 13:52:33,38.69,mada
biz_0109-001126,2024-10-13 14:03:04,60.88,mada
biz_0109-001077,2024-10-13 14:08:50,14.86,cash
biz_0109-001064,2024-10-13 14:09:44,32.03,mada
biz_0109-001133,2024-10-13 14:17:31,30.96,credit_card
biz_0109-001116,2024-10-13 14:22:45,28.38,mada
biz_0109-001045,2024-10-13 14:23:11,27.3,cash
biz_0109-001098,2024-10-13 14:26:04,15.87,mada
biz_0109-001112,2024-10-13 14:32:04,47.18,mada
biz_0109-001068,2024-10-13 14:32:11,23.25,mada
biz_0109-001043,2024-10-13 14:47:45,37.79,cash
biz_0109-001055,2024-10-13 14:57:25,33.21,mada
biz_0109-001048,2024-10-13 14:57:28,21.35,credit_card
biz_0109-001065,2024-10-13 15:01:44,20.0,credit_card
biz_0109-001083,2024-10-13 15:15:56,28.81,mada
biz_0109-001090,2024-10-13 15:29:39,35.25,cash
biz_0109-001071,2024-10-13 15:37:32,34.95,credit_card
biz_0109-001054,2024-10-13 15:43:31,40.47,credit_card
biz_0109-001074,2024-10-13 15:49:50,21.88,mada
biz_0109-001114,2024-10-13 15:51:06,34.27,mada
biz_0109-001078,2024-10-13 16:01:55,42.73,cash
biz_0109-001047,2024-10-13 16:13:10,22.45,cash
biz_0109-001091,2024-10-13 16:20:04,38.67,mada
biz_0109-001042,2024-10-13 16:34:16,31.25,mada
biz_0109-001129,2024-10-13 16:35:28,19.47,mada
biz_0109-001108,2024-10-13 16:39:23,28.47,mada
biz_0109-001046,2024-10-13 16:49:10,19.97,mada
biz_0109-001086,2024-10-13 16:55:55,11.94,mada
biz_0109-001122,2024-10-13 17:01:19,42.66,credit_card
biz_0109-001051,2024-10-13 17:07:52,36.76,cash
biz_0109-001044,2024-10-13 17:11:23,20.79,mada
biz_0109-001089,2024-10-13 17:27:09,64.18,cash
biz_0109-001132,2024-10-13 17:29:52,17.5,credit_card
biz_0109-001085,2024-10-13 17:37:35,25.92,mada
biz_0109-001103,2024-10-13 17:45:21,62.48,cash
biz_0109-001130,2024-10-13 17:54:41,31.16,cash
biz_0109-001067,2024-10-13 17:59:49,46.96,cash
biz_0109-001097,2024-10-13 18:01:50,50.02,mada
biz_0109-001052,2024-10-13 18:06:14,28.08,mada
biz_0109-001058,2024-10-13 18:08:32,52.53,mada
biz_0109-001109,2024-10-13 18:18:01,107.87,mada
biz_0109-001092,2024-10-13 18:49:05,33.67,mada
biz_0109-001060,2024-10-13 19:08:00,33.1,cash
biz_0109-001104,2024-10-13 19:18:03,24.28,mada
biz_0109-001080,2024-10-13 19:27:06,34.8,credit_card
biz_0109-001073,2024-10-13 20:46:03,25.79,credit_card
biz_0109-001113,2024-10-13 22:02:43,47.59,cash
biz_0109-001041,2024-10-13 22:17:14,36.64,credit_card
biz_0109-001118,2024-10-13 22:35:31,38.45,credit_card
biz_0109-001094,2024-10-13 22:36:37,28.1,mada
biz_0109-001201,2024-10-14 02:26:57,20.27,mada
biz_0109-001204,2024-10-14 06:33:21,26.28,mada
biz_0109-001149,2024-10-14 07:00:11,25.2,mada
biz_0109-001185,2024-10-14 07:15:31,37.47,cash
biz_0109-001182,2024-10-14 07:16:51,20.7,cash
biz_0109-001164,2024-10-14 07:27:57,38.97,mada
biz_0109-001169,2024-10-14 07:38:23,35.64,mada
biz_0109-001161,2024-10-14 08:01:28,28.94,mada
biz_0109-001192,2024-10-14 08:02:25,36.6,credit_card
biz_0109-001146,2024-10-14 08:03:29,67.49,credit_card
biz_0109-001224,2024-10-14 08:07:13,24.53,mada
biz_0109-001176,2024-10-14 08:08:50,18.14,cash
biz_0109-001211,2024-10-14 08:11:52,50.33,mada
biz_0109-001181,2024-10-14 08:13:09,30.84,mada
biz_0109-001249,2024-10-14 08:17:13,54.74,mada
biz_0109-001166,2024-10-14 08:21:17,24.49,credit_card
biz_0109-001212,2024-10-14 08:30:24,21.21,mada
biz_0109-001215,2024-10-14 08:35:09,11.52,mada
biz_0109-001242,2024-10-14 08:51:13,24.74,mada
biz_0109-001147,2024-10-14 08:52:56,48.54,mada
biz_0109-001186,2024-10-14 08:54:13,39.57,cash
biz_0109-001234,2024-10-14 08:58:00,10.88,cash
biz_0109-001208,2024-10-14 09:06:40,12.85,mada
biz_0109-001194,2024-10-14 09:11:05,17.51,mada
biz_0109-001235,2024-10-14 09:13:07,28.9,mada
biz_0109-001143,2024-10-14 09:14:33,23.5,mada
biz_0109-001219,2024-10-14 09:17:26,30.37,mada
biz_0109-001178,2024-10-14 09:20:57,28.76,mada
biz_0109-001229,2024-10-14 09:22:49,24.91,mada
biz_0109-001167,2024-10-14 09:23:10,25.94,credit_card
biz_0109-001187,2024-10-14 09:28:15,43.5,mada
biz_0109-001254,2024-10-14 09:28:36,39.56,cash
biz_0109-001248,2024-10-14 09:29:22,16.88,mada
biz_0109-001222,2024-10-14 09:30:34,26.34,cash
biz_0109-001227,2024-10-14 09:37:05,39.92,mada
biz_0109-001137,2024-10-14 09:45:28,30.4,cash
biz_0109-001180,2024-10-14 09:47:20,22.02,mada
biz_0109-001221,2024-10-14 09:48:16,15.59,mada
biz_0109-001170,2024-10-14 10:25:48,14.79,credit_card
biz_0109-001213,2024-10-14 10:45:54,25.18,mada
biz_0109-001154,2024-10-14 10:59:35,15.43,mada
biz_0109-001199,2024-10-14 11:00:51,34.15,mada
biz_0109-001152,2024-10-14 11:04:39,38.28,mada
biz_0109-001148,2024-10-14 11:05:16,38.49,credit_card
biz_0109-001144,2024-10-14 11:14:14,19.08,mada
biz_0109-001171,2024-10-14 11:21:08,20.37,mada
biz_0109-001134,2024-10-14 11:34:05,26.99,mada
biz_0109-001153,2024-10-14 11:47:54,17.73,credit_card
biz_0109-001231,2024-10-14 11:51:03,35.54,mada
biz_0109-001251,2024-10-14 11:54:58,28.0,mada
biz_0109-001218,2024-10-14 12:10:57,20.47,mada
biz_0109-001200,2024-10-14 12:13:28,45.53,mada
biz_0109-001226,2024-10-14 12:14:44,36.19,mada
biz_0109-001217,2024-10-14 12:18:00,29.71,mada
biz_0109-001203,2024-10-14 12:18:45,15.58,cash
biz_0109-001239,2024-10-14 12:24:52,33.68,credit_card
biz_0109-001246,2024-10-14 12:26:37,16.59,cash
biz_0109-001188,2024-10-14 12:26:49,36.76,cash
biz_0109-001232,2024-10-14 12:29:07,29.94,credit_card
biz_0109-001193,2024-10-14 12:39:59,37.59,cash
biz_0109-001179,2024-10-14 12:40:16,31.31,mada
biz_0109-001255,2024-10-14 12:40:48,52.36,cash
biz_0109-001190,2024-10-14 12:45:25,19.05,mada
biz_0109-001253,2024-10-14 12:52:02,13.38,cash
biz_0109-001150,2024-10-14 13:00:47,24.72,mada
biz_0109-001157,2024-10-14 13:06:11,18.13,cash
biz_0109-001136,2024-10-14 13:06:30,19.81,mada
biz_0109-001225,2024-10-14 13:13:18,66.98,cash
biz_0109-001198,2024-10-14 13:19:43,34.19,mada
biz_0109-001195,2024-10-14 13:26:49,25.14,cash
biz_0109-001247,2024-10-14 13:30:02,12.86,mada
biz_0109-001174,2024-10-14 13:35:40,12.0,mada
biz_0109-001159,2024-10-14 14:02:16,26.98,mada
biz_0109-001210,2024-10-14 14:02:34,13.7,mada
biz_0109-001245,2024-10-14 14:07:33,23.92,mada
biz_0109-001183,2024-10-14 14:13:07,18.04,mada
biz_0109-001230,2024-10-14 14:17:46,25.21,mada
biz_0109-001177,2024-10-14 14:20:53,20.92,credit_card
biz_0109-001191,2024-10-14 14:26:44,29.06,mada
biz_0109-001172,2024-10-14 14:30:40,22.72,cash
biz_0109-001240,2024-10-14 14:31:38,45.99,mada
biz_0109-001151,2024-10-14 14:44:46,28.99,credit_card
biz_0109-001223,2024-10-14 14:58:06,50.48,mada
biz_0109-001163,2024-10-14 15:15:15,44.29,mada
biz_0109-001228,2024-10-14 15:17:15,33.89,cash
biz_0109-001156,2024-10-14 15:25:55,27.79,mada
biz_0109-001214,2024-10-14 15:49:09,56.21,mada
biz_0109-001189,2024-10-14 16:08:25,29.26,credit_card
biz_0109-001206,2024-10-14 16:10:41,26.04,cash
biz_0109-001236,2024-10-14 16:23:55,23.29,cash
biz_0109-001141,2024-10-14 16:28:40,51.81,mada
biz_0109-001196,2024-10-14 16:32:37,23.21,mada
biz_0109-001241,2024-10-14 16:48:14,38.47,credit_card
biz_0109-001233,2024-10-14 16:50:45,33.3,mada
biz_0109-001140,2024-10-14 16:51:47,39.55,cash
biz_0109-001244,2024-10-14 16:54:03,31.58,mada
biz_0109-001162,2024-10-14 17:05:13,15.53,cash
biz_0109-001250,2024-10-14 17:06:25,72.15,credit_card
biz_0109-001142,2024-10-14 17:07:07,15.94,mada
biz_0109-001135,2024-10-14 17:21:26,57.75,mada
biz_0109-001158,2024-10-14 17:23:00,56.87,mada
biz_0109-001243,2024-10-14 17:25:18,32.04,mada
biz_0109-001173,2024-10-14 17:34:01,56.85,mada
biz_0109-001139,2024-10-14 17:43:09,39.61,mada
biz_0109-001168,2024-10-14 18:11:40,27.7,cash
biz_0109-001205,2024-10-14 18:16:58,16.37,mada
biz_0109-001175,2024-10-14 18:23:02,24.1,mada
biz_0109-001202,2024-10-14 18:28:59,34.69,mada
biz_0109-001252,2024-10-14 18:33:40,20.47,mada
biz_0109-001237,2024-10-14 18:34:33,35.72,mada
biz_0109-001209,2024-10-14 18:38:00,37.18,mada
biz_0109-001207,2024-10-14 18:41:01,33.25,mada
biz_0109-001197,2024-10-14 18:41:46,35.5,credit_card
biz_0109-001238,2024-10-14 18:51:52,35.11,credit_card
biz_0109-001138,2024-10-14 18:54:03,41.49,mada
biz_0109-001145,2024-10-14 19:35:17,31.91,cash
biz_0109-001155,2024-10-14 19:36:44,15.57,mada
biz_0109-001220,2024-10-14 19:52:25,12.54,credit_card
biz_0109-001184,2024-10-14 19:57:34,20.92,mada
biz_0109-001165,2024-10-14 20:05:43,34.16,mada
biz_0109-001160,2024-10-14 20:31:09,28.77,cash
biz_0109-001216,2024-10-14 20:55:25,28.18,mada
biz_0109-001321,2024-10-15 02:15:12,22.6,mada
biz_0109-001319,2024-10-15 04:21:59,50.25,mada
biz_0109-001296,2024-10-15 07:15:46,10.93,mada
biz_0109-001283,2024-10-15 07:27:40,31.44,mada
biz_0109-001306,2024-10-15 07:27:54,43.01,cash
biz_0109-001325,2024-10-15 07:37:01,21.81,mada
biz_0109-001313,2024-10-15 07:47:01,36.1,mada
biz_0109-001268,2024-10-15 07:53:21,27.17,cash
biz_0109-001315,2024-10-15 07:55:03,32.91,mada
biz_0109-001297,2024-10-15 08:11:40,123.34,mada
biz_0109-001290,2024-10-15 08:13:16,18.88,credit_card
biz_0109-001291,2024-10-15 08:18:30,76.31,mada
biz_0109-001341,2024-10-15 08:26:37,27.24,cash
biz_0109-001267,2024-10-15 08:31:36,43.02,mada
biz_0109-001262,2024-10-15 08:31:55,18.17,credit_card
biz_0109-001299,2024-10-15 08:34:21,11.84,mada
biz_0109-001293,2024-10-15 08:51:31,44.1,mada
biz_0109-001282,2024-10-15 09:05:12,21.81,mada
biz_0109-001270,2024-10-15 09:07:14,18.67,mada
biz_0109-001324,2024-10-15 09:07:42,27.56,cash
biz_0109-001327,2024-10-15 09:35:11,17.33,mada
biz_0109-001311,2024-10-15 09:35:31,40.95,cash
biz_0109-001289,2024-10-15 09:39:22,13.08,mada
biz_0109-001312,2024-10-15 09:41:16,12.06,mada
biz_0109-001292,2024-10-15 09:53:43,16.95,mada
biz_0109-001334,2024-10-15 10:02:14,32.91,cash
biz_0109-001317,2024-10-15 10:11:34,14.13,mada
biz_0109-001259,2024-10-15 11:23:18,50.33,mada
biz_0109-001304,2024-10-15 11:55:20,27.01,mada
biz_0109-001308,2024-10-15 11:58:53,21.35,mada
biz_0109-001298,2024-10-15 12:14:31,18.09,mada
biz_0109-001328,2024-10-15 12:21:48,15.1,mada
biz_0109-001273,2024-10-15 12:26:39,18.39,mada
biz_0109-001264,2024-10-15 12:31:48,39.67,mada
biz_0109-001340,2024-10-15 12:55:28,12.14,cash
biz_0109-001266,2024-10-15 12:59:19,24.07,mada
biz_0109-001257,2024-10-15 13:02:48,99.57,cash
biz_0109-001269,2024-10-15 13:03:24,26.02,cash
biz_0109-001335,2024-10-15 13:31:07,29.0,credit_card
biz_0109-001274,2024-10-15 13:41:43,22.56,credit_card
biz_0109-001331,2024-10-15 13:47:39,30.09,mada
biz_0109-001303,2024-10-15 13:56:22,9.38,mada
biz_0109-001333,2024-10-15 13:58:30,46.09,mada
biz_0109-001295,2024-10-15 14:06:15,25.72,cash
biz_0109-001336,2024-10-15 14:07:33,19.38,mada
biz_0109-001277,2024-10-15 14:15:52,37.99,mada
biz_0109-001285,2024-10-15 14:22:17,11.13,mada
biz_0109-001337,2024-10-15 14:23:16,20.66,cash
biz_0109-001330,2024-10-15 14:28:54,31.02,mada
biz_0109-001323,2024-10-15 14:35:22,67.51,credit_card
biz_0109-001305,2024-10-15 14:37:41,35.0,mada
biz_0109-001322,2024-10-15 14:53:06,35.43,cash
biz_0109-001320,2024-10-15 15:13:54,14.75,mada
biz_0109-001261,2024-10-15 15:31:20,21.39,mada
biz_0109-001342,2024-10-15 15:39:44,18.66,mada
biz_0109-001275,2024-10-15 15:55:40,45.71,mada
biz_0109-001256,2024-10-15 15:59:27,16.54,cash
biz_0109-001301,2024-10-15 16:06:58,46.21,cash
biz_0109-001310,2024-10-15 16:09:17,28.15,mada
biz_0109-001284,2024-10-15 16:10:35,9.03,cash
biz_0109-001281,2024-10-15 16:18:41,13.84,mada
biz_0109-001300,2024-10-15 16:32:13,47.49,mada
biz_0109-001265,2024-10-15 16:44:59,15.46,mada
biz_0109-001329,2024-10-15 16:45:12,37.24,cash
biz_0109-001286,2024-10-15 16:54:54,26.64,cash
biz_0109-001309,2024-10-15 16:57:07,36.68,mada
biz_0109-001338,2024-10-15 17:03:22,30.59,cash
biz_0109-001332,2024-10-15 17:10:12,11.82,mada
biz_0109-001276,2024-10-15 17:17:15,48.98,cash
biz_0109-001278,2024-10-15 17:19:33,41.18,cash
biz_0109-001314,2024-10-15 17:23:29,32.52,credit_card
biz_0109-001326,2024-10-15 17:29:17,37.54,cash
biz_0109-001263,2024-10-15 17:31:56,25.8,cash
biz_0109-001271,2024-10-15 17:32:09,31.82,mada
biz_0109-001318,2024-10-15 17:38:21,39.85,mada
biz_0109-001307,2024-10-15 17:38:33,31.8,mada
biz_0109-001343,2024-10-15 17:48:39,49.2,mada
biz_0109-001339,2024-10-15 17:48:48,7.67,credit_card
biz_0109-001294,2024-10-15 17:53:44,30.88,cash
biz_0109-001288,2024-10-15 17:56:27,18.47,mada
biz_0109-001279,2024-10-15 17:56:48,31.24,mada
biz_0109-001280,2024-10-15 18:05:55,6.5,mada
biz_0109-001272,2024-10-15 18:40:00,43.76,cash
biz_0109-001287,2024-10-15 19:17:49,29.64,credit_card
biz_0109-001316,2024-10-15 19:48:32,29.77,cash
biz_0109-001260,2024-10-15 19:50:58,18.09,mada
biz_0109-001302,2024-10-15 20:14:50,34.77,mada
biz_0109-001258,2024-10-15 22:35:51,13.14,mada
biz_0109-001368,2024-10-16 02:15:45,38.53,mada
biz_0109-001345,2024-10-16 07:02:42,13.7,cash
biz_0109-001414,2024-10-16 07:07:09,60.86,mada
biz_0109-001352,2024-10-16 07:08:19,38.43,mada
biz_0109-001372,2024-10-16 07:08:39,25.33,mada
biz_0109-001399,2024-10-16 07:10:47,39.26,mada
biz_0109-001401,2024-10-16 07:13:15,31.24,mada
biz_0109-001387,2024-10-16 07:25:22,34.23,cash
biz_0109-001392,2024-10-16 07:46:10,46.5,cash
biz_0109-001361,2024-10-16 07:55:32,35.17,cash
biz_0109-001396,2024-10-16 07:58:09,56.85,mada
biz_0109-001375,2024-10-16 08:03:13,33.58,mada
biz_0109-001378,2024-10-16 08:04:26,22.91,mada
biz_0109-001406,2024-10-16 08:12:37,26.7,cash
biz_0109-001395,2024-10-16 08:27:11,51.64,mada
biz_0109-001358,2024-10-16 08:30:21,20.91,mada
biz_0109-001402,2024-10-16 08:35:33,34.84,cash
biz_0109-001363,2024-10-16 08:38:44,13.44,mada
biz_0109-001353,2024-10-16 08:41:09,23.51,credit_card
biz_0109-001400,2024-10-16 08:41:37,20.01,cash
biz_0109-001366,2024-10-16 08:53:06,34.63,mada
biz_0109-001407,2024-10-16 08:56:41,21.01,credit_card
biz_0109-001356,2024-10-16 08:59:55,22.79,mada
biz_0109-001393,2024-10-16 09:06:12,43.3,mada
biz_0109-001374,2024-10-16 09:13:20,36.0,credit_card
biz_0109-001380,2024-10-16 09:15:25,63.15,credit_card
biz_0109-001404,2024-10-16 09:17:37,35.8,mada
biz_0109-001369,2024-10-16 09:26:59,41.84,mada
biz_0109-001381,2024-10-16 09:33:33,31.31,credit_card
biz_0109-001370,2024-10-16 09:36:41,22.36,mada
biz_0109-001346,2024-10-16 09:54:03,48.22,mada
biz_0109-001382,2024-10-16 09:55:26,17.96,credit_card
biz_0109-001405,2024-10-16 09:57:03,28.98,mada
biz_0109-001413,2024-10-16 11:37:18,27.28,mada
biz_0109-001394,2024-10-16 11:39:58,26.21,mada
biz_0109-001347,2024-10-16 12:15:11,30.14,cash
biz_0109-001384,2024-10-16 12:44:50,34.7,cash
biz_0109-001398,2024-10-16 12:55:53,26.9,cash
biz_0109-001411,2024-10-16 13:21:38,41.93,cash
biz_0109-001410,2024-10-16 13:30:56,16.14,credit_card
biz_0109-001385,2024-10-16 13:38:32,24.52,mada
biz_0109-001403,2024-10-16 13:38:57,42.19,mada
biz_0109-001388,2024-10-16 13:45:08,39.41,mada
biz_0109-001364,2024-10-16 13:47:57,10.97,cash
biz_0109-001383,2024-10-16 13:48:27,9.02,mada
biz_0109-001367,2024-10-16 13:50:26,59.73,cash
biz_0109-001355,2024-10-16 14:16:51,15.72,mada
biz_0109-001348,2024-10-16 14:18:58,12.44,mada
biz_0109-001360,2024-10-16 14:45:14,32.78,mada
biz_0109-001390,2024-10-16 14:48:01,29.49,credit_card
biz_0109-001354,2024-10-16 14:52:26,31.53,mada
biz_0109-001386,2024-10-16 15:58:05,28.83,mada
biz_0109-001376,2024-10-16 16:05:42,15.96,cash
biz_0109-001389,2024-10-16 16:07:34,33.76,mada
biz_0109-001371,2024-10-16 16:07:59,19.26,cash
biz_0109-001344,2024-10-16 16:10:31,18.07,mada
biz_0109-001412,2024-10-16 16:24:59,46.98,cash
biz_0109-001365,2024-10-16 16:25:13,19.21,mada
biz_0109-001391,2024-10-16 16:40:57,17.17,mada
biz_0109-001350,2024-10-16 17:03:04,28.79,mada
biz_0109-001359,2024-10-16 17:23:48,51.31,credit_card
biz_0109-001349,2024-10-16 17:36:34,46.35,credit_card
biz_0109-001409,2024-10-16 17:52:33,60.68,mada
biz_0109-001351,2024-10-16 17:54:58,73.81,cash
biz_0109-001377,2024-10-16 18:11:42,67.39,mada
biz_0109-001415,2024-10-16 18:23:50,31.49,mada
biz_0109-001408,2024-10-16 18:53:31,47.12,mada
biz_0109-001357,2024-10-16 19:01:52,32.66,mada
biz_0109-001373,2024-10-16 19:31:40,43.7,mada
biz_0109-001379,2024-10-16 20:18:21,18.06,mada
biz_0109-001397,2024-10-16 20:35:05,42.79,mada
biz_0109-001362,2024-10-16 23:53:03,27.84,mada
biz_0109-001473,2024-10-17 05:37:15,39.24,mada
biz_0109-001423,2024-10-17 06:34:31,29.55,mada
biz_0109-001421,2024-10-17 07:06:59,29.34,mada
biz_0109-001445,2024-10-17 07:40:14,19.66,mada
biz_0109-001498,2024-10-17 07:44:05,31.05,credit_card
biz_0109-001439,2024-10-17 07:51:18,42.75,mada
biz_0109-001494,2024-10-17 07:58:45,47.74,mada
biz_0109-001475,2024-10-17 07:59:50,50.05,mada
biz_0109-001424,2024-10-17 08:03:24,53.79,cash
biz_0109-001446,2024-10-17 08:13:46,22.24,mada
biz_0109-001428,2024-10-17 08:14:25,20.75,mada
biz_0109-001437,2024-10-17 08:22:03,20.71,mada
biz_0109-001503,2024-10-17 08:45:11,23.41,mada
biz_0109-001469,2024-10-17 08:46:15,13.31,mada
biz_0109-001482,2024-10-17 08:48:31,19.41,cash
biz_0109-001425,2024-10-17 08:48:53,21.58,cash
biz_0109-001429,2024-10-17 09:00:05,19.53,cash
biz_0109-001478,2024-10-17 09:13:15,39.54,mada
biz_0109-001436,2024-10-17 09:23:28,17.86,cash
biz_0109-001458,2024-10-17 09:24:48,22.14,mada
biz_0109-001481,2024-10-17 09:28:19,26.41,credit_card
biz_0109-001493,2024-10-17 09:33:52,45.6,mada
biz_0109-001504,2024-10-17 09:40:46,28.66,mada
biz_0109-001440,2024-10-17 09:46:49,36.63,mada
biz_0109-001417,2024-10-17 10:14:59,17.4,mada
biz_0109-001435,2024-10-17 10:16:08,13.22,mada
biz_0109-001484,2024-10-17 10:24:28,54.28,mada
biz_0109-001449,2024-10-17 10:34:53,12.86,mada
biz_0109-001448,2024-10-17 10:35:11,55.22,cash
biz_0109-001447,2024-10-17 10:52:44,39.22,cash
biz_0109-001431,2024-10-17 11:38:45,11.88,mada
biz_0109-001487,2024-10-17 11:49:05,40.37,mada
biz_0109-001468,2024-10-17 12:00:46,34.04,credit_card
biz_0109-001455,2024-10-17 12:17:13,17.53,mada
biz_0109-001438,2024-10-17 12:19:32,25.74,mada
biz_0109-001426,2024-10-17 12:32:11,36.44,credit_card
biz_0109-001499,2024-10-17 12:35:42,27.67,mada
biz_0109-001485,2024-10-17 12:46:33,50.9,mada
biz_0109-001420,2024-10-17 12:57:01,13.95,credit_card
biz_0109-001465,2024-10-17 13:15:54,11.33,credit_card
biz_0109-001491,2024-10-17 13:16:58,37.07,mada
biz_0109-001486,2024-10-17 13:18:23,25.07,mada
biz_0109-001418,2024-10-17 13:27:31,28.5,mada
biz_0109-001459,2024-10-17 13:29:48,30.35,mada
biz_0109-001427,2024-10-17 13:34:11,18.85,cash
biz_0109-001497,2024-10-17 13:41:48,25.77,cash
biz_0109-001433,2024-10-17 13:42:53,101.55,credit_card
biz_0109-001483,2024-10-17 13:50:17,54.84,mada
biz_0109-001489,2024-10-17 14:11:31,24.85,mada
biz_0109-001434,2024-10-17 14:14:06,44.64,mada
biz_0109-001471,2024-10-17 14:18:02,74.23,mada
biz_0109-001419,2024-10-17 14:26:21,41.87,credit_card
biz_0109-001488,2024-10-17 14:43:52,33.91,mada
biz_0109-001457,2024-10-17 14:43:56,35.53,cash
biz_0109-001463,2024-10-17 14:47:13,29.81,cash
biz_0109-001505,2024-10-17 14:47:38,27.76,mada
biz_0109-001466,2024-10-17 14:52:30,95.01,cash
biz_0109-001477,2024-10-17 14:59:32,48.42,credit_card
biz_0109-001460,2024-10-17 15:10:23,22.97,mada
biz_0109-001443,2024-10-17 15:29:14,47.8,cash
biz_0109-001453,2024-10-17 15:33:28,39.93,cash
biz_0109-001480,2024-10-17 15:41:17,34.05,mada
biz_0109-001507,2024-10-17 15:57:21,57.14,credit_card
biz_0109-001452,2024-10-17 16:01:23,17.66,credit_card
biz_0109-001442,2024-10-17 16:01:36,17.03,cash
biz_0109-001474,2024-10-17 16:05:12,38.82,cash
biz_0109-001422,2024-10-17 16:06:43,56.22,credit_card
biz_0109-001451,2024-10-17 16:08:16,27.77,cash
biz_0109-001479,2024-10-17 16:15:24,29.27,mada
biz_0109-001467,2024-10-17 16:27:50,15.12,mada
biz_0109-001462,2024-10-17 16:36:15,45.87,mada
biz_0109-001461,2024-10-17 16:41:36,5.94,credit_card
biz_0109-001501,2024-10-17 16:44:20,37.02,mada
biz_0109-001444,2024-10-17 16:45:39,34.94,mada
biz_0109-001464,2024-10-17 17:25:05,25.26,mada
biz_0109-001476,2024-10-17 17:42:31,24.04,mada
biz_0109-001502,2024-10-17 17:48:14,52.83,mada
biz_0109-001492,2024-10-17 18:07:13,66.43,mada
biz_0109-001454,2024-10-17 18:20:37,18.59,cash
biz_0109-001432,2024-10-17 18:21:01,46.27,cash
biz_0109-001430,2024-10-17 18:41:08,33.04,mada
biz_0109-001416,2024-10-17 19:10:17,33.14,mada
biz_0109-001472,2024-10-17 19:11:05,41.75,credit_card
biz_0109-001495,2024-10-17 19:20:13,36.21,mada
biz_0109-001496,2024-10-17 19:21:15,15.08,credit_card
biz_0109-001470,2024-10-17 19:32:42,24.36,mada
biz_0109-001441,2024-10-17 19:58:13,29.13,mada
biz_0109-001490,2024-10-17 20:02:04,11.04,mada
biz_0109-001506,2024-10-17 20:32:00,44.78,mada
biz_0109-001456,2024-10-17 20:57:49,18.92,credit_card
biz_0109-001450,2024-10-17 21:46:03,21.2,cash
biz_0109-001500,2024-10-17 22:51:21,22.88,mada
biz_0109-001606,2024-10-18 04:26:40,44.38,mada
biz_0109-001550,2024-10-18 06:26:55,18.18,mada
biz_0109-001563,2024-10-18 06:35:27,22.95,cash
biz_0109-001584,2024-10-18 07:05:33,24.63,mada
biz_0109-001582,2024-10-18 07:19:22,43.96,mada
biz_0109-001524,2024-10-18 07:28:47,44.14,mada
biz_0109-001510,2024-10-18 07:38:06,20.45,credit_card
biz_0109-001587,2024-10-18 08:07:50,34.2,cash
biz_0109-001527,2024-10-18 08:10:21,14.93,cash
biz_0109-001588,2024-10-18 08:20:03,15.5,mada
biz_0109-001531,2024-10-18 08:20:04,35.82,mada
biz_0109-001522,2024-10-18 08:21:30,26.8,mada
biz_0109-001577,2024-10-18 08:28:53,28.91,mada
biz_0109-001609,2024-10-18 08:31:33,29.12,mada
biz_0109-001612,2024-10-18 08:34:47,45.84,mada
biz_0109-001555,2024-10-18 08:39:30,20.04,mada
biz_0109-001537,2024-10-18 08:42:06,25.7,mada
biz_0109-001562,2024-10-18 08:57:10,28.42,mada
biz_0109-001591,2024-10-18 09:06:26,21.5,cash
biz_0109-001583,2024-10-18 09:14:07,33.54,cash
biz_0109-001568,2024-10-18 09:31:42,38.42,mada
biz_0109-001589,2024-10-18 09:42:24,19.91,mada
biz_0109-001596,2024-10-18 09:43:05,23.03,mada
biz_0109-001508,2024-10-18 09:50:27,28.21,cash
biz_0109-001572,2024-10-18 09:56:22,17.32,mada
biz_0109-001519,2024-10-18 09:57:01,24.34,mada
biz_0109-001585,2024-10-18 10:21:29,34.13,mada
biz_0109-001602,2024-10-18 10:26:21,76.83,mada
biz_0109-001569,2024-10-18 10:39:45,33.55,mada
biz_0109-001599,2024-10-18 10:44:13,37.52,credit_card
biz_0109-001547,2024-10-18 10:53:50,23.89,mada
biz_0109-001529,2024-10-18 11:02:11,14.36,mada
biz_0109-001533,2024-10-18 11:34:03,25.11,credit_card
biz_0109-001615,2024-10-18 11:55:21,21.39,cash
biz_0109-001605,2024-10-18 12:10:04,31.14,mada
biz_0109-001579,2024-10-18 12:11:01,59.92,mada
biz_0109-001570,2024-10-18 12:19:42,86.17,cash
biz_0109-001574,2024-10-18 12:20:19,11.7,mada
biz_0109-001536,2024-10-18 12:24:21,13.2,mada
biz_0109-001597,2024-10-18 12:36:34,14.11,mada
biz_0109-001517,2024-10-18 12:44:56,36.05,mada
biz_0109-001610,2024-10-18 12:59:57,28.2,mada
biz_0109-001580,2024-10-18 13:01:22,49.05,credit_card
biz_0109-001592,2024-10-18 13:02:30,22.56,mada
biz_0109-001516,2024-10-18 13:05:59,66.05,credit_card
biz_0109-001613,2024-10-18 13:06:38,26.47,cash
biz_0109-001553,2024-10-18 13:20:03,26.11,mada
biz_0109-001512,2024-10-18 13:21:45,23.0,mada
biz_0109-001578,2024-10-18 13:21:49,16.44,mada
biz_0109-001558,2024-10-18 13:22:25,14.35,cash
biz_0109-001534,2024-10-18 13:34:21,25.54,mada
biz_0109-001600,2024-10-18 13:34:39,16.15,mada
biz_0109-001604,2024-10-18 13:38:01,23.86,mada
biz_0109-001528,2024-10-18 13:38:27,25.05,cash
biz_0109-001514,2024-10-18 13:48:43,18.37,mada
biz_0109-001548,2024-10-18 13:55:41,25.06,mada
biz_0109-001551,2024-10-18 13:55:46,29.11,mada
biz_0109-001559,2024-10-18 14:03:22,24.57,credit_card
biz_0109-001573,2024-10-18 14:17:42,28.47,mada
biz_0109-001598,2024-10-18 14:27:50,18.56,credit_card
biz_0109-001565,2024-10-18 14:28:07,26.2,mada
biz_0109-001543,2024-10-18 14:39:01,21.32,mada
biz_0109-001538,2024-10-18 14:46:46,18.39,mada
biz_0109-001560,2024-10-18 14:47:48,29.54,mada
biz_0109-001525,2024-10-18 14:49:35,12.3,mada
biz_0109-001544,2024-10-18 14:50:30,45.41,cash
biz_0109-001520,2024-10-18 14:57:15,68.89,mada
biz_0109-001575,2024-10-18 14:59:30,24.39,mada
biz_0109-001616,2024-10-18 14:59:37,26.67,mada
biz_0109-001595,2024-10-18 15:09:15,23.94,mada
biz_0109-001567,2024-10-18 15:12:46,37.6,mada
biz_0109-001554,2024-10-18 15:20:33,33.54,cash
biz_0109-001549,2024-10-18 15:22:54,69.93,cash
biz_0109-001590,2024-10-18 15:55:51,51.45,mada
biz_0109-001608,2024-10-18 16:00:29,25.7,mada
biz_0109-001530,2024-10-18 16:17:34,30.9,mada
biz_0109-001509,2024-10-18 16:17:47,19.79,cash
biz_0109-001601,2024-10-18 16:23:48,24.08,mada
biz_0109-001611,2024-10-18 16:25:36,46.4,mada
biz_0109-001561,2024-10-18 16:30:11,20.42,credit_card
biz_0109-001556,2024-10-18 16:38:23,59.6,cash
biz_0109-001546,2024-10-18 16:41:34,8.19,mada
biz_0109-001593,2024-10-18 16:42:46,13.66,cash
biz_0109-001542,2024-10-18 16:44:17,38.39,mada
biz_0109-001557,2024-10-18 16:47:37,16.72,mada
biz_0109-001607,2024-10-18 16:54:41,24.18,mada
biz_0109-001594,2024-10-18 17:04:43,43.89,mada
biz_0109-001526,2024-10-18 17:05:06,29.69,mada
biz_0109-001614,2024-10-18 17:05:57,15.91,mada
biz_0109-001619,2024-10-18 17:17:07,48.7,cash
biz_0109-001552,2024-10-18 17:24:17,27.76,mada
biz_0109-001521,2024-10-18 17:28:41,34.62,mada
biz_0109-001523,2024-10-18 17:29:25,37.09,mada
biz_0109-001571,2024-10-18 17:56:33,30.98,cash
biz_0109-001576,2024-10-18 18:19:10,28.54,mada
biz_0109-001539,2024-10-18 18:20:18,11.56,mada
biz_0109-001518,2024-10-18 18:23:38,30.52,mada
biz_0109-001515,2024-10-18 18:24:04,19.6,mada
biz_0109-001535,2024-10-18 18:25:05,31.6,mada
biz_0109-001566,2024-10-18 18:31:09,29.25,mada
biz_0109-001511,2024-10-18 18:36:03,41.65,mada
biz_0109-001545,2024-10-18 18:41:51,26.57,cash
biz_0109-001541,2024-10-18 18:56:35,22.43,credit_card
biz_0109-001540,2024-10-18 19:00:51,37.82,mada
biz_0109-001564,2024-10-18 19:06:53,27.8,mada
biz_0109-001603,2024-10-18 19:09:50,28.58,mada
biz_0109-001618,2024-10-18 19:09:54,25.79,mada
biz_0109-001586,2024-10-18 19:21:59,29.27,mada
biz_0109-001532,2024-10-18 19:58:11,36.5,mada
biz_0109-001581,2024-10-18 20:03:03,22.2,mada
biz_0109-001513,2024-10-18 21:17:14,28.32,credit_card
biz_0109-001617,2024-10-18 21:46:23,41.52,cash
biz_0109-001631,2024-10-19 06:28:49,17.14,mada
biz_0109-001623,2024-10-19 07:10:52,48.02,cash
biz_0109-001654,2024-10-19 07:15:01,26.58,mada
biz_0109-001657,2024-10-19 07:16:27,22.33,mada
biz_0109-001666,2024-10-19 07:26:35,79.24,cash
biz_0109-001628,2024-10-19 07:37:36,51.5,mada
biz_0109-001633,2024-10-19 07:39:29,20.42,credit_card
biz_0109-001674,2024-10-19 07:49:34,33.3,mada
biz_0109-001693,2024-10-19 07:51:21,37.7,mada
biz_0109-001648,2024-10-19 07:52:39,36.28,mada
biz_0109-001692,2024-10-19 08:07:32,21.77,mada
biz_0109-001679,2024-10-19 08:14:43,78.65,mada
biz_0109-001697,2024-10-19 08:25:21,36.8,mada
biz_0109-001629,2024-10-19 08:27:51,23.41,credit_card
biz_0109-001676,2024-10-19 08:37:48,13.46,mada
biz_0109-001670,2024-10-19 08:50:45,34.57,mada
biz_0109-001684,2024-10-19 08:53:57,54.61,mada
biz_0109-001650,2024-10-19 08:59:27,13.98,mada
biz_0109-001685,2024-10-19 09:04:22,18.38,mada
biz_0109-001700,2024-10-19 09:15:00,16.52,credit_card
biz_0109-001682,2024-10-19 09:23:16,11.99,mada
biz_0109-001673,2024-10-19 09:34:50,19.55,cash
biz_0109-001658,2024-10-19 09:48:40,58.59,mada
biz_0109-001634,2024-10-19 09:55:39,23.8,cash
biz_0109-001632,2024-10-19 10:02:57,25.31,mada
biz_0109-001622,2024-10-19 10:21:18,37.54,mada
biz_0109-001660,2024-10-19 10:22:39,24.6,credit_card
biz_0109-001655,2024-10-19 10:59:28,30.33,mada
biz_0109-001649,2024-10-19 11:01:16,15.82,mada
biz_0109-001661,2024-10-19 11:03:24,22.71,cash
biz_0109-001663,2024-10-19 11:24:44,38.46,mada
biz_0109-001620,2024-10-19 11:31:03,65.24,credit_card
biz_0109-001668,2024-10-19 11:41:17,62.76,cash
biz_0109-001689,2024-10-19 11:55:35,30.1,credit_card
biz_0109-001687,2024-10-19 12:10:50,22.9,mada
biz_0109-001647,2024-10-19 12:24:48,14.88,cash
biz_0109-001665,2024-10-19 12:25:38,27.28,cash
biz_0109-001637,2024-10-19 12:25:43,32.72,credit_card
biz_0109-001681,2024-10-19 12:27:12,14.32,mada
biz_0109-001643,2024-10-19 12:30:48,32.76,credit_card
biz_0109-001641,2024-10-19 12:33:45,31.24,credit_card
biz_0109-001651,2024-10-19 12:42:32,18.53,mada
biz_0109-001625,2024-10-19 12:44:24,34.27,cash
biz_0109-001662,2024-10-19 13:05:29,24.4,credit_card
biz_0109-001680,2024-10-19 13:14:47,11.89,mada
biz_0109-001627,2024-10-19 13:15:08,44.2,credit_card
biz_0109-001626,2024-10-19 13:30:09,22.3,mada
biz_0109-001645,2024-10-19 13:33:59,35.59,credit_card
biz_0109-001624,2024-10-19 13:47:27,22.14,mada
biz_0109-001671,2024-10-19 13:50:50,13.34,mada
biz_0109-001675,2024-10-19 13:51:19,34.74,mada
biz_0109-001630,2024-10-19 13:53:18,24.91,cash
biz_0109-001691,2024-10-19 13:55:34,38.53,mada
biz_0109-001644,2024-10-19 14:01:22,42.56,mada
biz_0109-001695,2024-10-19 14:04:46,34.96,mada
biz_0109-001664,2024-10-19 14:27:33,28.86,cash
biz_0109-001683,2024-10-19 14:29:41,23.23,mada
biz_0109-001686,2024-10-19 14:33:32,13.34,mada
biz_0109-001698,2024-10-19 14:54:49,20.43,cash
biz_0109-001677,2024-10-19 14:59:23,35.21,cash
biz_0109-001635,2024-10-19 15:14:25,37.84,mada
biz_0109-001636,2024-10-19 16:10:15,74.53,mada
biz_0109-001646,2024-10-19 16:35:47,21.51,cash
biz_0109-001653,2024-10-19 16:51:58,51.69,mada
biz_0109-001690,2024-10-19 16:59:23,27.28,cash
biz_0109-001694,2024-10-19 17:04:40,23.1,mada
biz_0109-001656,2024-10-19 17:08:52,15.18,mada
biz_0109-001699,2024-10-19 17:27:10,15.98,cash
biz_0109-001652,2024-10-19 17:28:53,86.94,credit_card
biz_0109-001678,2024-10-19 17:35:55,27.88,credit_card
biz_0109-001639,2024-10-19 17:39:36,29.4,mada
biz_0109-001638,2024-10-19 17:41:03,27.36,mada
biz_0109-001640,2024-10-19 17:42:40,14.28,credit_card
biz_0109-001669,2024-10-19 18:49:42,26.96,mada
biz_0109-001688,2024-10-19 18:53:13,20.55,mada
biz_0109-001672,2024-10-19 18:53:18,17.68,mada
biz_0109-001696,2024-10-19 18:55:55,15.95,credit_card
biz_0109-001659,2024-10-19 18:58:09,15.73,cash
biz_0109-001642,2024-10-19 19:25:25,36.93,mada
biz_0109-001667,2024-10-19 19:30:20,25.84,mada
biz_0109-001621,2024-10-19 21:32:42,17.91,mada
biz_0109-001798,2024-10-20 06:26:47,25.44,credit_card
biz_0109-001750,2024-10-20 06:56:49,25.93,mada
biz_0109-001770,2024-10-20 07:01:06,13.8,mada
biz_0109-001782,2024-10-20 07:08:11,31.91,mada
biz_0109-001717,2024-10-20 07:09:33,17.13,cash
biz_0109-001746,2024-10-20 07:18:14,32.07,credit_card
biz_0109-001825,2024-10-20 07:19:35,29.0,mada
biz_0109-001792,2024-10-20 07:28:59,22.33,mada
biz_0109-001704,2024-10-20 07:39:32,26.95,mada
biz_0109-001731,2024-10-20 07:42:01,29.6,mada
biz_0109-001772,2024-10-20 07:44:34,20.57,credit_card
biz_0109-001718,2024-10-20 07:55:23,36.42,mada
biz_0109-001820,2024-10-20 07:59:45,13.58,credit_card
biz_0109-001749,2024-10-20 08:03:51,23.5,mada
biz_0109-001719,2024-10-20 08:06:15,30.18,mada
biz_0109-001756,2024-10-20 08:23:31,53.87,mada
biz_0109-001783,2024-10-20 08:24:25,35.16,mada
biz_0109-001724,2024-10-20 08:25:15,14.45,cash
biz_0109-001786,2024-10-20 08:31:17,35.99,mada
biz_0109-001714,2024-10-20 08:38:30,25.83,credit_card
biz_0109-001769,2024-10-20 08:44:49,17.25,cash
biz_0109-001822,2024-10-20 08:46:13,37.06,mada
biz_0109-001712,2024-10-20 08:48:09,60.01,credit_card
biz_0109-001788,2024-10-20 09:00:43,44.61,mada
biz_0109-001736,2024-10-20 09:09:38,12.5,credit_card
biz_0109-001729,2024-10-20 09:24:16,32.37,mada
biz_0109-001827,2024-10-20 09:32:23,26.64,cash
biz_0109-001732,2024-10-20 09:38:18,45.41,credit_card
biz_0109-001791,2024-10-20 09:49:52,29.6,mada
biz_0109-001805,2024-10-20 09:58:53,57.99,mada
biz_0109-001814,2024-10-20 10:19:45,24.22,mada
biz_0109-001778,2024-10-20 10:30:36,21.78,mada
biz_0109-001745,2024-10-20 10:33:54,29.65,mada
biz_0109-001707,2024-10-20 10:46:29,36.3,mada
biz_0109-001740,2024-10-20 10:49:54,16.64,mada
biz_0109-001743,2024-10-20 10:56:06,28.02,mada
biz_0109-001790,2024-10-20 11:18:40,21.78,cash
biz_0109-001720,2024-10-20 11:26:48,32.61,mada
biz_0109-001767,2024-10-20 12:01:22,65.95,mada
biz_0109-001826,2024-10-20 12:03:59,108.14,mada
biz_0109-001734,2024-10-20 12:09:40,22.91,mada
biz_0109-001748,2024-10-20 12:10:23,27.77,mada
biz_0109-001760,2024-10-20 12:10:36,20.91,mada
biz_0109-001796,2024-10-20 12:12:47,9.34,mada
biz_0109-001708,2024-10-20 12:29:55,37.52,cash
biz_0109-001823,2024-10-20 12:30:28,25.47,credit_card
biz_0109-001723,2024-10-20 12:31:05,49.38,mada
biz_0109-001819,2024-10-20 12:31:51,80.51,mada
biz_0109-001795,2024-10-20 12:36:29,35.66,mada
biz_0109-001757,2024-10-20 12:38:58,40.29,mada
biz_0109-001744,2024-10-20 12:39:08,14.6,credit_card
biz_0109-001809,2024-10-20 12:45:36,34.4,mada
biz_0109-001721,2024-10-20 13:03:14,47.74,mada
biz_0109-001725,2024-10-20 13:06:30,33.6,mada
biz_0109-001780,2024-10-20 13:18:58,31.67,mada
biz_0109-001816,2024-10-20 13:20:29,16.57,credit_card
biz_0109-001817,2024-10-20 13:23:33,29.26,cash
biz_0109-001810,2024-10-20 13:23:38,17.73,mada
biz_0109-001821,2024-10-20 13:37:01,35.22,mada
biz_0109-001818,2024-10-20 13:39:16,29.09,credit_card
biz_0109-001777,2024-10-20 13:46:48,34.5,mada
biz_0109-001747,2024-10-20 13:46:51,14.31,mada
biz_0109-001711,2024-10-20 13:51:31,49.87,mada
biz_0109-001759,2024-10-20 14:05:51,31.28,cash
biz_0109-001727,2024-10-20 14:06:43,28.01,mada
biz_0109-001775,2024-10-20 14:08:16,29.63,mada
biz_0109-001804,2024-10-20 14:13:57,35.63,mada
biz_0109-001771,2024-10-20 14:22:07,36.87,mada
biz_0109-001737,2024-10-20 14:22:34,14.91,cash
biz_0109-001701,2024-10-20 14:30:39,43.79,mada
biz_0109-001797,2024-10-20 14:35:48,23.04,mada
biz_0109-001764,2024-10-20 14:38:42,32.48,credit_card
biz_0109-001754,2024-10-20 14:45:34,51.18,cash
biz_0109-001755,2024-10-20 14:52:44,16.81,mada
biz_0109-001703,2024-10-20 14:56:17,14.09,mada
biz_0109-001774,2024-10-20 15:07:05,42.46,mada
biz_0109-001776,2024-10-20 15:18:56,16.16,mada
biz_0109-001735,2024-10-20 15:33:00,39.14,mada
biz_0109-001781,2024-10-20 15:38:05,37.67,mada
biz_0109-001738,2024-10-20 15:38:34,23.1,mada
biz_0109-001773,2024-10-20 15:45:52,16.72,mada
biz_0109-001765,2024-10-20 15:48:00,27.18,mada
biz_0109-001728,2024-10-20 15:52:08,31.66,mada
biz_0109-001722,2024-10-20 16:03:55,27.74,mada
biz_0109-001806,2024-10-20 16:10:46,20.6,mada
biz_0109-001762,2024-10-20 16:13:58,16.35,mada
biz_0109-001726,2024-10-20 16:15:00,42.98,mada
biz_0109-001787,2024-10-20 16:24:04,63.08,mada
biz_0109-001801,2024-10-20 16:27:52,35.39,mada
biz_0109-001779,2024-10-20 16:36:04,49.92,mada
biz_0109-001753,2024-10-20 16:39:10,14.45,credit_card
biz_0109-001813,2024-10-20 16:41:40,37.52,mada
biz_0109-001808,2024-10-20 17:05:05,23.86,credit_card
biz_0109-001789,2024-10-20 17:08:10,22.07,mada
biz_0109-001752,2024-10-20 17:15:13,28.44,mada
biz_0109-001741,2024-10-20 17:21:01,54.27,cash
biz_0109-001739,2024-10-20 17:21:07,40.74,mada
biz_0109-001751,2024-10-20 17:24:37,41.39,mada
biz_0109-001716,2024-10-20 17:25:30,21.3,mada
biz_0109-001742,2024-10-20 17:32:30,35.02,mada
biz_0109-001803,2024-10-20 17:45:06,30.55,credit_card
biz_0109-001709,2024-10-20 17:53:20,27.43,cash
biz_0109-001763,2024-10-20 18:03:44,52.66,cash
biz_0109-001713,2024-10-20 18:06:39,59.86,mada
biz_0109-001702,2024-10-20 18:10:13,49.98,mada
biz_0109-001807,2024-10-20 18:10:56,28.49,mada
biz_0109-001706,2024-10-20 18:16:45,16.38,mada
biz_0109-001824,2024-10-20 18:25:46,41.21,mada
biz_0109-001794,2024-10-20 18:29:26,58.55,cash
biz_0109-001733,2024-10-20 18:32:15,77.25,mada
biz_0109-001768,2024-10-20 18:34:11,29.45,mada
biz_0109-001815,2024-10-20 18:35:09,16.28,credit_card
biz_0109-001715,2024-10-20 18:37:45,24.89,credit_card
biz_0109-001766,2024-10-20 18:40:19,34.84,mada
biz_0109-001812,2024-10-20 18:43:32,22.73,mada
biz_0109-001705,2024-10-20 18:58:31,36.74,cash
biz_0109-001761,2024-10-20 19:03:58,10.1,mada
biz_0109-001811,2024-10-20 19:08:30,17.1,mada
biz_0109-001802,2024-10-20 19:28:27,14.65,mada
biz_0109-001784,2024-10-20 19:30:44,22.24,mada
biz_0109-001730,2024-10-20 19:53:38,42.18,mada
biz_0109-001785,2024-10-20 20:12:52,48.19,mada
biz_0109-001710,2024-10-20 20:15:58,42.52,mada
biz_0109-001758,2024-10-20 20:30:53,14.07,mada
biz_0109-001799,2024-10-20 21:12:37,32.75,mada
biz_0109-001793,2024-10-20 21:59:15,22.96,credit_card
biz_0109-001800,2024-10-20 23:52:22,23.3,mada
biz_0109-001895,2024-10-21 00:06:42,46.82,mada
biz_0109-001868,2024-10-21 06:22:57,15.99,mada
biz_0109-001836,2024-10-21 07:00:21,77.66,cash
biz_0109-001864,2024-10-21 07:30:26,33.71,credit_card
biz_0109-001892,2024-10-21 07:35:16,66.09,credit_card
biz_0109-001832,2024-10-21 07:40:07,25.94,mada
biz_0109-001894,2024-10-21 07:52:10,31.2,mada
biz_0109-001859,2024-10-21 07:53:19,25.19,mada
biz_0109-001841,2024-10-21 08:00:44,18.28,mada
biz_0109-001876,2024-10-21 08:03:50,24.66,cash
biz_0109-001869,2024-10-21 08:06:33,9.78,credit_card
biz_0109-001880,2024-10-21 08:07:40,41.52,mada
biz_0109-001884,2024-10-21 08:11:44,16.84,mada
biz_0109-001882,2024-10-21 08:24:53,21.48,credit_card
biz_0109-001833,2024-10-21 08:25:04,17.57,credit_card
biz_0109-001916,2024-10-21 08:30:22,22.35,cash
biz_0109-001917,2024-10-21 08:31:57,20.05,cash
biz_0109-001828,2024-10-21 08:35:13,23.67,mada
biz_0109-001842,2024-10-21 08:39:27,16.78,mada
biz_0109-001912,2024-10-21 08:42:53,21.06,cash
biz_0109-001914,2024-10-21 08:47:08,39.63,cash
biz_0109-001847,2024-10-21 08:50:51,17.65,mada
biz_0109-001839,2024-10-21 08:51:25,29.68,cash
biz_0109-001886,2024-10-21 08:57:58,43.86,mada
biz_0109-001853,2024-10-21 09:13:18,53.66,credit_card
biz_0109-001874,2024-10-21 09:19:13,18.3,mada
biz_0109-001829,2024-10-21 09:30:53,47.0,mada
biz_0109-001843,2024-10-21 09:33:16,36.05,mada
biz_0109-001918,2024-10-21 09:54:20,16.81,mada
biz_0109-001883,2024-10-21 09:56:07,37.0,mada
biz_0109-001848,2024-10-21 10:23:26,30.38,cash
biz_0109-001837,2024-10-21 10:50:15,56.75,mada
biz_0109-001858,2024-10-21 10:50:48,22.35,mada
biz_0109-001852,2024-10-21 11:07:23,27.86,cash
biz_0109-001866,2024-10-21 11:12:52,58.16,mada
biz_0109-001849,2024-10-21 11:34:31,6.57,mada
biz_0109-001835,2024-10-21 11:48:50,37.47,credit_card
biz_0109-001920,2024-10-21 11:53:43,34.46,mada
biz_0109-001854,2024-10-21 12:02:04,44.57,cash
biz_0109-001915,2024-10-21 12:24:17,51.77,credit_card
biz_0109-001885,2024-10-21 12:47:15,38.7,mada
biz_0109-001888,2024-10-21 12:50:45,14.27,credit_card
biz_0109-001846,2024-10-21 12:57:33,24.03,cash
biz_0109-001913,2024-10-21 13:06:11,35.72,mada
biz_0109-001900,2024-10-21 13:09:52,27.58,mada
biz_0109-001872,2024-10-21 13:12:47,23.22,mada
biz_0109-001910,2024-10-21 13:22:34,35.06,mada
biz_0109-001875,2024-10-21 13:27:14,31.88,mada
biz_0109-001838,2024-10-21 13:32:51,14.65,mada
biz_0109-001907,2024-10-21 13:37:22,25.37,mada
biz_0109-001873,2024-10-21 13:50:07,24.63,mada
biz_0109-001908,2024-10-21 13:51:19,26.43,credit_card
biz_0109-001898,2024-10-21 13:57:21,24.01,credit_card
biz_0109-001850,2024-10-21 14:05:48,26.38,cash
biz_0109-001911,2024-10-21 14:06:28,25.27,credit_card
biz_0109-001919,2024-10-21 14:21:47,19.86,mada
biz_0109-001863,2024-10-21 14:21:52,26.08,mada
biz_0109-001865,2024-10-21 14:22:58,13.9,mada
biz_0109-001905,2024-10-21 14:26:02,24.32,mada
biz_0109-001901,2024-10-21 14:29:02,24.23,credit_card
biz_0109-001881,2024-10-21 14:43:48,27.75,mada
biz_0109-001851,2024-10-21 14:44:57,22.29,mada
biz_0109-001855,2024-10-21 14:49:21,23.64,cash
biz_0109-001831,2024-10-21 14:51:58,26.18,mada
biz_0109-001906,2024-10-21 14:52:34,29.55,cash
biz_0109-001840,2024-10-21 14:58:53,30.5,credit_card
biz_0109-001830,2024-10-21 15:26:16,45.22,mada
biz_0109-001904,2024-10-21 15:35:16,56.5,mada
biz_0109-001896,2024-10-21 15:59:07,21.58,mada
biz_0109-001902,2024-10-21 16:04:02,55.23,cash
biz_0109-001879,2024-10-21 16:10:50,56.34,cash
biz_0109-001867,2024-10-21 16:17:10,28.19,mada
biz_0109-001878,2024-10-21 16:23:08,18.38,mada
biz_0109-001891,2024-10-21 16:29:24,104.09,mada
biz_0109-001877,2024-10-21 16:31:30,42.28,mada
biz_0109-001897,2024-10-21 16:33:11,85.64,mada
biz_0109-001860,2024-10-21 16:42:48,31.81,mada
biz_0109-001887,2024-10-21 16:50:52,29.55,mada
biz_0109-001889,2024-10-21 17:00:17,34.04,mada
biz_0109-001871,2024-10-21 17:02:43,27.03,mada
biz_0109-001909,2024-10-21 17:18:16,18.68,mada
biz_0109-001834,2024-10-21 17:31:16,51.37,credit_card
biz_0109-001862,2024-10-21 18:10:23,16.4,cash
biz_0109-001893,2024-10-21 18:44:08,40.89,credit_card
biz_0109-001845,2024-10-21 18:50:35,15.5,cash
biz_0109-001844,2024-10-21 18:55:02,12.32,cash
biz_0109-001899,2024-10-21 19:13:17,20.2,credit_card
biz_0109-001903,2024-10-21 19:23:56,38.28,mada
biz_0109-001890,2024-10-21 19:34:27,26.84,credit_card
biz_0109-001870,2024-10-21 19:48:01,25.58,mada
biz_0109-001856,2024-10-21 20:47:35,27.86,credit_card
biz_0109-001861,2024-10-21 20:55:58,35.55,mada
biz_0109-001857,2024-10-21 21:19:52,24.37,mada
biz_0109-001976,2024-10-22 00:18:57,53.68,mada
biz_0109-002007,2024-10-22 04:06:23,25.08,mada
biz_0109-001995,2024-10-22 06:45:26,46.47,credit_card
biz_0109-001966,2024-10-22 07:01:24,26.69,mada
biz_0109-001944,2024-10-22 07:01:32,10.1,mada
biz_0109-001955,2024-10-22 07:02:18,30.64,cash
biz_0109-001921,2024-10-22 07:06:22,37.25,credit_card
biz_0109-002012,2024-10-22 07:34:07,23.14,mada
biz_0109-002000,2024-10-22 07:45:08,61.02,cash
biz_0109-002025,2024-10-22 07:46:34,31.05,credit_card
biz_0109-001997,2024-10-22 07:50:27,21.81,cash
biz_0109-001936,2024-10-22 07:58:52,15.78,mada
biz_0109-001992,2024-10-22 07:59:09,31.34,mada
biz_0109-002031,2024-10-22 08:00:50,23.13,mada
biz_0109-001960,2024-10-22 08:02:00,16.89,mada
biz_0109-001996,2024-10-22 08:02:48,36.72,mada
biz_0109-001939,2024-10-22 08:04:47,35.4,credit_card
biz_0109-001964,2024-10-22 08:07:56,26.24,mada
biz_0109-001929,2024-10-22 08:14:39,24.93,mada
biz_0109-001925,2024-10-22 08:25:49,11.38,mada
biz_0109-001993,2024-10-22 08:30:32,16.44,cash
biz_0109-001941,2024-10-22 08:30:55,30.44,mada
biz_0109-002028,2024-10-22 08:31:05,12.83,cash
biz_0109-002014,2024-10-22 08:33:33,7.58,cash
biz_0109-002001,2024-10-22 08:42:28,7.79,mada
biz_0109-001994,2024-10-22 08:46:14,32.88,mada
biz_0109-002023,2024-10-22 08:57:32,21.59,mada
biz_0109-001998,2024-10-22 09:18:10,41.37,mada
biz_0109-001931,2024-10-22 09:22:56,33.44,mada
biz_0109-001965,2024-10-22 09:32:47,12.65,mada
biz_0109-001951,2024-10-22 09:45:49,29.46,credit_card
biz_0109-001945,2024-10-22 09:52:15,16.72,mada
biz_0109-001940,2024-10-22 09:55:14,31.92,credit_card
biz_0109-002036,2024-10-22 09:56:57,33.44,mada
biz_0109-001970,2024-10-22 10:00:11,24.98,cash
biz_0109-001980,2024-10-22 10:50:42,20.55,mada
biz_0109-001935,2024-10-22 10:55:06,37.53,mada
biz_0109-001933,2024-10-22 11:07:13,50.33,mada
biz_0109-002011,2024-10-22 11:18:59,13.23,credit_card
biz_0109-001923,2024-10-22 11:20:52,30.45,mada
biz_0109-002019,2024-10-22 11:24:25,12.82,cash
biz_0109-002013,2024-10-22 11:26:48,62.73,mada
biz_0109-001946,2024-10-22 11:30:04,23.41,credit_card
biz_0109-001947,2024-10-22 11:35:50,47.5,mada
biz_0109-001971,2024-10-22 12:02:55,20.1,mada
biz_0109-001956,2024-10-22 12:05:48,18.54,cash
biz_0109-002005,2024-10-22 12:09:14,13.6,cash
biz_0109-001991,2024-10-22 12:26:02,25.54,credit_card
biz_0109-002037,2024-10-22 12:26:16,35.67,mada
biz_0109-002029,2024-10-22 12:42:10,26.95,mada
biz_0109-001949,2024-10-22 12:44:54,47.65,mada
biz_0109-001954,2024-10-22 12:45:35,62.78,cash
biz_0109-002035,2024-10-22 12:51:51,55.83,credit_card
biz_0109-002010,2024-10-22 12:53:09,50.61,credit_card
biz_0109-001967,2024-10-22 13:04:01,25.7,mada
biz_0109-001952,2024-10-22 13:05:26,19.33,mada
biz_0109-001973,2024-10-22 13:09:48,24.64,credit_card
biz_0109-001986,2024-10-22 13:14:05,40.96,mada
biz_0109-001927,2024-10-22 13:17:58,29.75,mada
biz_0109-002030,2024-10-22 13:18:45,51.42,mada
biz_0109-002022,2024-10-22 13:23:27,14.1,mada
biz_0109-001948,2024-10-22 13:40:02,35.05,mada
biz_0109-001958,2024-10-22 13:41:43,35.78,cash
biz_0109-001985,2024-10-22 13:45:04,16.24,mada
biz_0109-001943,2024-10-22 13:46:22,36.05,cash
biz_0109-002020,2024-10-22 13:54:27,40.9,cash
biz_0109-001961,2024-10-22 14:05:34,18.9,mada
biz_0109-001959,2024-10-22 14:08:21,29.71,mada
biz_0109-001953,2024-10-22 14:09:05,24.38,cash
biz_0109-001975,2024-10-22 14:20:46,28.6,mada
biz_0109-001924,2024-10-22 14:20:53,41.1,cash
biz_0109-001932,2024-10-22 14:24:20,87.0,mada
biz_0109-002024,2024-10-22 14:29:41,14.39,mada
biz_0109-002032,2024-10-22 14:33:22,32.46,mada
biz_0109-002026,2024-10-22 14:35:49,29.95,mada
biz_0109-002004,2024-10-22 14:35:53,56.52,mada
biz_0109-001999,2024-10-22 14:37:35,35.26,mada
biz_0109-001937,2024-10-22 14:55:13,78.07,credit_card
biz_0109-002015,2024-10-22 15:31:41,62.09,mada
biz_0109-002016,2024-10-22 15:47:37,47.74,mada
biz_0109-001928,2024-10-22 16:14:12,46.64,mada
biz_0109-001922,2024-10-22 16:22:47,13.47,mada
biz_0109-002003,2024-10-22 16:28:14,59.17,mada
biz_0109-001978,2024-10-22 16:30:14,15.64,mada
biz_0109-001988,2024-10-22 16:33:19,23.43,mada
biz_0109-001962,2024-10-22 16:36:19,31.82,mada
biz_0109-002006,2024-10-22 16:40:28,38.57,mada
biz_0109-001981,2024-10-22 16:43:41,49.32,cash
biz_0109-002018,2024-10-22 16:54:54,45.29,mada
biz_0109-001968,2024-10-22 16:57:39,15.23,mada
biz_0109-002027,2024-10-22 16:58:11,27.69,mada
biz_0109-001990,2024-10-22 17:12:50,37.18,mada
biz_0109-001934,2024-10-22 17:15:57,31.94,mada
biz_0109-002033,2024-10-22 17:24:21,17.77,cash
biz_0109-002009,2024-10-22 17:25:58,11.48,mada
biz_0109-001974,2024-10-22 17:36:25,15.96,mada
biz_0109-001987,2024-10-22 17:38:49,24.9,mada
biz_0109-001984,2024-10-22 17:42:17,25.7,cash
biz_0109-001926,2024-10-22 17:43:51,25.65,mada
biz_0109-002008,2024-10-22 18:05:01,44.68,mada
biz_0109-002021,2024-10-22 18:08:05,27.4,mada
biz_0109-001930,2024-10-22 18:17:42,9.46,mada
biz_0109-002002,2024-10-22 18:19:26,51.87,mada
biz_0109-001942,2024-10-22 18:22:17,66.4,mada
biz_0109-001972,2024-10-22 18:31:00,19.64,mada
biz_0109-001938,2024-10-22 18:32:44,57.8,mada
biz_0109-001983,2024-10-22 18:35:50,29.33,mada
biz_0109-001979,2024-10-22 18:49:50,25.68,mada
biz_0109-001989,2024-10-22 18:52:58,20.38,mada
biz_0109-002034,2024-10-22 18:54:49,48.49,cash
biz_0109-001963,2024-10-22 19:08:30,25.18,mada
biz_0109-002017,2024-10-22 19:28:44,14.58,mada
biz_0109-001950,2024-10-22 19:33:26,10.58,mada
biz_0109-001982,2024-10-22 19:43:13,19.8,mada
biz_0109-001977,2024-10-22 19:45:14,34.3,mada
biz_0109-001969,2024-10-22 20:21:56,22.2,mada
biz_0109-001957,2024-10-22 22:39:19,22.74,mada
biz_0109-002085,2024-10-23 05:48:15,30.71,mada
biz_0109-002113,2024-10-23 06:04:53,25.84,mada
biz_0109-002103,2024-10-23 06:30:31,20.44,mada
biz_0109-002124,2024-10-23 07:09:04,17.27,mada
biz_0109-002115,2024-10-23 07:20:33,31.51,mada
biz_0109-002042,2024-10-23 07:24:35,36.3,mada
biz_0109-002061,2024-10-23 07:29:07,34.08,mada
biz_0109-002043,2024-10-23 07:30:58,28.86,mada
biz_0109-002147,2024-10-23 07:34:59,19.62,mada
biz_0109-002066,2024-10-23 07:36:37,23.91,mada
biz_0109-002137,2024-10-23 08:00:25,36.23,cash
biz_0109-002121,2024-10-23 08:01:38,45.92,credit_card
biz_0109-002107,2024-10-23 08:04:06,23.77,mada
biz_0109-002108,2024-10-23 08:06:15,51.27,cash
biz_0109-002097,2024-10-23 08:25:31,23.95,mada
biz_0109-002051,2024-10-23 08:31:47,16.88,mada
biz_0109-002039,2024-10-23 08:31:50,24.67,credit_card
biz_0109-002048,2024-10-23 08:33:20,26.34,mada
biz_0109-002078,2024-10-23 08:35:43,11.67,mada
biz_0109-002075,2024-10-23 08:41:11,33.8,mada
biz_0109-002109,2024-10-23 08:48:43,46.0,mada
biz_0109-002073,2024-10-23 08:53:07,34.45,mada
biz_0109-002057,2024-10-23 08:54:56,31.45,mada
biz_0109-002129,2024-10-23 08:55:33,23.71,cash
biz_0109-002117,2024-10-23 08:57:29,32.93,cash
biz_0109-002074,2024-10-23 09:01:20,13.54,credit_card
biz_0109-002123,2024-10-23 09:04:56,24.1,mada
biz_0109-002047,2024-10-23 09:06:51,21.87,mada
biz_0109-002089,2024-10-23 09:14:42,22.52,mada
biz_0109-002122,2024-10-23 09:19:22,21.68,mada
biz_0109-002079,2024-10-23 09:28:52,22.63,mada
biz_0109-002144,2024-10-23 09:34:42,51.41,cash
biz_0109-002044,2024-10-23 09:34:58,40.53,credit_card
biz_0109-002076,2024-10-23 09:45:18,47.69,mada
biz_0109-002141,2024-10-23 10:08:35,27.56,mada
biz_0109-002068,2024-10-23 10:17:12,26.55,mada
biz_0109-002086,2024-10-23 10:37:25,32.74,cash
biz_0109-002064,2024-10-23 10:59:27,21.07,cash
biz_0109-002140,2024-10-23 11:10:35,67.14,mada
biz_0109-002102,2024-10-23 12:09:45,18.32,mada
biz_0109-002090,2024-10-23 12:13:09,41.7,cash
biz_0109-002049,2024-10-23 12:18:11,10.81,cash
biz_0109-002055,2024-10-23 12:19:26,18.66,mada
biz_0109-002142,2024-10-23 12:21:13,15.48,mada
biz_0109-002104,2024-10-23 12:30:32,60.71,credit_card
biz_0109-002125,2024-10-23 12:34:03,31.5,cash
biz_0109-002118,2024-10-23 12:46:24,23.11,mada
biz_0109-002045,2024-10-23 12:48:12,32.39,mada
biz_0109-002063,2024-10-23 12:54:42,35.61,mada
biz_0109-002088,2024-10-23 13:06:06,18.29,mada
biz_0109-002133,2024-10-23 13:08:34,6.39,credit_card
biz_0109-002053,2024-10-23 13:10:39,38.33,mada
biz_0109-002135,2024-10-23 13:11:25,20.21,credit_card
biz_0109-002099,2024-10-23 13:11:27,13.79,mada
biz_0109-002069,2024-10-23 13:15:12,14.63,cash
biz_0109-002046,2024-10-23 13:18:31,70.93,mada
biz_0109-002126,2024-10-23 13:22:29,33.07,mada
biz_0109-002093,2024-10-23 13:24:05,16.52,mada
biz_0109-002105,2024-10-23 13:33:24,24.61,mada
biz_0109-002139,2024-10-23 13:34:42,21.35,cash
biz_0109-002060,2024-10-23 13:37:37,54.68,credit_card
biz_0109-002138,2024-10-23 13:41:40,28.64,mada
biz_0109-002110,2024-10-23 13:42:10,19.03,cash
biz_0109-002116,2024-10-23 13:46:05,23.11,mada
biz_0109-002128,2024-10-23 13:48:26,31.84,mada
biz_0109-002040,2024-10-23 14:13:49,28.17,cash
biz_0109-002067,2024-10-23 14:18:05,19.08,mada
biz_0109-002120,2024-10-23 14:18:22,26.58,cash
biz_0109-002098,2024-10-23 14:30:02,22.03,mada
biz_0109-002054,2024-10-23 14:35:19,30.35,cash
biz_0109-002052,2024-10-23 14:38:39,30.83,mada
biz_0109-002056,2024-10-23 14:49:47,20.67,mada
biz_0109-002081,2024-10-23 14:56:07,33.89,credit_card
biz_0109-002146,2024-10-23 15:11:29,29.44,mada
biz_0109-002111,2024-10-23 15:36:55,36.81,mada
biz_0109-002070,2024-10-23 15:54:35,19.83,mada
biz_0109-002077,2024-10-23 15:59:00,16.97,mada
biz_0109-002071,2024-10-23 16:22:03,19.33,mada
biz_0109-002091,2024-10-23 16:25:46,34.76,cash
biz_0109-002114,2024-10-23 16:33:52,33.16,mada
biz_0109-002132,2024-10-23 16:44:41,37.67,mada
biz_0109-002087,2024-10-23 16:48:06,36.31,cash
biz_0109-002100,2024-10-23 16:50:38,32.12,mada
biz_0109-002065,2024-10-23 16:53:28,26.94,cash
biz_0109-002119,2024-10-23 17:00:43,32.18,mada
biz_0109-002127,2024-10-23 17:22:26,18.74,mada
biz_0109-002148,2024-10-23 17:29:13,13.25,cash
biz_0109-002072,2024-10-23 17:29:24,27.78,mada
biz_0109-002058,2024-10-23 17:29:38,13.36,credit_card
biz_0109-002062,2024-10-23 17:29:44,52.85,mada
biz_0109-002136,2024-10-23 17:36:26,36.19,credit_card
biz_0109-002143,2024-10-23 17:36:27,27.84,mada
biz_0109-002092,2024-10-23 17:45:56,23.27,mada
biz_0109-002131,2024-10-23 17:46:19,22.27,credit_card
biz_0109-002059,2024-10-23 17:48:37,39.59,mada
biz_0109-002095,2024-10-23 17:54:41,34.01,credit_card
biz_0109-002106,2024-10-23 17:55:22,20.28,mada
biz_0109-002096,2024-10-23 18:00:43,31.77,mada
biz_0109-002080,2024-10-23 18:01:11,30.38,mada
biz_0109-002134,2024-10-23 18:04:34,50.09,cash
biz_0109-002041,2024-10-23 18:15:25,22.19,mada
biz_0109-002083,2024-10-23 18:33:39,15.51,mada
biz_0109-002082,2024-10-23 19:03:21,24.92,mada
biz_0109-002094,2024-10-23 19:06:09,16.36,cash
biz_0109-002149,2024-10-23 19:09:23,32.88,mada
biz_0109-002084,2024-10-23 19:41:59,16.35,mada
biz_0109-002050,2024-10-23 19:44:41,18.64,mada
biz_0109-002112,2024-10-23 19:58:32,11.05,mada
biz_0109-002145,2024-10-23 20:02:55,30.55,cash
biz_0109-002101,2024-10-23 20:25:29,14.83,mada
biz_0109-002038,2024-10-23 20:38:20,31.02,mada
biz_0109-002130,2024-10-23 21:03:21,29.99,mada
biz_0109-002209,2024-10-24 01:06:03,20.56,mada
biz_0109-002229,2024-10-24 04:25:01,29.76,mada
biz_0109-002254,2024-10-24 07:06:10,31.54,mada
biz_0109-002222,2024-10-24 07:16:21,36.28,cash
biz_0109-002202,2024-10-24 07:33:51,37.68,mada
biz_0109-002210,2024-10-24 07:52:57,50.65,credit_card
biz_0109-002243,2024-10-24 08:00:48,25.78,mada
biz_0109-002224,2024-10-24 08:15:00,37.95,mada
biz_0109-002253,2024-10-24 08:24:34,31.15,credit_card
biz_0109-002167,2024-10-24 08:28:46,25.0,mada
biz_0109-002237,2024-10-24 08:35:29,22.85,credit_card
biz_0109-002232,2024-10-24 08:37:05,40.1,cash
biz_0109-002223,2024-10-24 08:49:46,20.78,cash
biz_0109-002219,2024-10-24 08:51:36,11.14,mada
biz_0109-002208,2024-10-24 08:54:45,30.3,mada
biz_0109-002198,2024-10-24 09:01:26,31.57,mada
biz_0109-002246,2024-10-24 09:05:43,26.8,mada
biz_0109-002221,2024-10-24 09:09:09,45.29,mada
biz_0109-002225,2024-10-24 09:24:58,57.92,credit_card
biz_0109-002220,2024-10-24 09:25:02,29.56,mada
biz_0109-002182,2024-10-24 09:25:08,23.53,credit_card
biz_0109-002195,2024-10-24 09:26:14,33.34,credit_card
biz_0109-002201,2024-10-24 09:33:35,28.94,cash
biz_0109-002205,2024-10-24 09:41:02,20.53,mada
biz_0109-002162,2024-10-24 09:42:04,33.1,cash
biz_0109-002155,2024-10-24 09:44:09,36.06,mada
biz_0109-002168,2024-10-24 09:46:30,27.14,mada
biz_0109-002227,2024-10-24 09:55:17,13.2,mada
biz_0109-002230,2024-10-24 09:57:01,39.54,credit_card
biz_0109-002248,2024-10-24 10:04:00,18.42,cash
biz_0109-002193,2024-10-24 10:11:06,11.49,mada
biz_0109-002236,2024-10-24 10:21:19,117.66,mada
biz_0109-002151,2024-10-24 10:29:57,41.83,cash
biz_0109-002206,2024-10-24 11:01:30,33.92,mada
biz_0109-002160,2024-10-24 11:13:17,17.11,mada
biz_0109-002249,2024-10-24 11:21:26,33.48,mada
biz_0109-002173,2024-10-24 11:21:27,30.75,mada
biz_0109-002175,2024-10-24 11:28:41,30.16,mada
biz_0109-002212,2024-10-24 11:37:12,35.83,mada
biz_0109-002191,2024-10-24 11:47:47,38.62,mada
biz_0109-002186,2024-10-24 11:59:43,21.25,mada
biz_0109-002192,2024-10-24 11:59:58,20.52,mada
biz_0109-002242,2024-10-24 12:00:34,12.11,cash
biz_0109-002152,2024-10-24 12:10:41,23.51,mada
biz_0109-002169,2024-10-24 12:11:05,24.2,mada
biz_0109-002164,2024-10-24 12:14:49,18.48,mada
biz_0109-002180,2024-10-24 12:19:45,23.05,credit_card
biz_0109-002171,2024-10-24 12:30:39,17.76,mada
biz_0109-002188,2024-10-24 12:57:26,28.12,credit_card
biz_0109-002244,2024-10-24 13:10:24,38.02,mada
biz_0109-002226,2024-10-24 13:14:06,29.03,mada
biz_0109-002170,2024-10-24 13:32:52,13.94,mada
biz_0109-002235,2024-10-24 13:38:05,66.53,mada
biz_0109-002216,2024-10-24 13:38:19,29.63,cash
biz_0109-002204,2024-10-24 13:56:11,39.39,mada
biz_0109-002190,2024-10-24 14:26:48,26.44,credit_card
biz_0109-002245,2024-10-24 14:27:44,29.8,cash
biz_0109-002184,2024-10-24 14:28:26,83.39,mada
biz_0109-002250,2024-10-24 14:32:55,12.15,mada
biz_0109-002154,2024-10-24 14:35:31,37.29,mada
biz_0109-002150,2024-10-24 14:40:33,22.7,mada
biz_0109-002158,2024-10-24 14:41:18,25.29,mada
biz_0109-002181,2024-10-24 14:59:06,52.06,mada
biz_0109-002172,2024-10-24 15:09:37,21.67,mada
biz_0109-002159,2024-10-24 15:18:09,40.82,mada
biz_0109-002215,2024-10-24 15:38:23,18.85,mada
biz_0109-002156,2024-10-24 16:06:30,31.49,mada
biz_0109-002217,2024-10-24 16:08:58,13.28,mada
biz_0109-002247,2024-10-24 16:09:39,26.4,mada
biz_0109-002174,2024-10-24 16:12:22,52.69,mada
biz_0109-002238,2024-10-24 16:17:34,15.89,cash
biz_0109-002203,2024-10-24 16:18:41,67.8,mada
biz_0109-002157,2024-10-24 16:21:12,33.91,mada
biz_0109-002183,2024-10-24 16:36:20,49.02,mada
biz_0109-002166,2024-10-24 16:41:07,42.76,mada
biz_0109-002176,2024-10-24 16:42:45,49.63,credit_card
biz_0109-002197,2024-10-24 16:46:57,16.89,credit_card
biz_0109-002178,2024-10-24 16:52:34,17.31,mada
biz_0109-002153,2024-10-24 16:55:29,22.49,mada
biz_0109-002234,2024-10-24 16:57:04,24.19,credit_card
biz_0109-002214,2024-10-24 16:57:06,27.91,credit_card
biz_0109-002207,2024-10-24 17:04:14,28.15,credit_card
biz_0109-002241,2024-10-24 17:13:08,14.66,credit_card
biz_0109-002163,2024-10-24 17:13:57,22.81,cash
biz_0109-002194,2024-10-24 17:14:45,17.9,mada
biz_0109-002239,2024-10-24 17:16:26,34.23,mada
biz_0109-002251,2024-10-24 17:21:22,17.31,mada
biz_0109-002200,2024-10-24 17:22:39,22.15,mada
biz_0109-002187,2024-10-24 17:24:18,16.35,mada
biz_0109-002252,2024-10-24 17:41:50,44.9,credit_card
biz_0109-002240,2024-10-24 17:44:14,11.16,mada
biz_0109-002189,2024-10-24 17:55:54,9.68,mada
biz_0109-002231,2024-10-24 18:05:38,18.27,mada
biz_0109-002211,2024-10-24 18:10:11,19.32,cash
biz_0109-002177,2024-10-24 18:10:34,20.32,cash
biz_0109-002255,2024-10-24 18:10:59,15.52,mada
biz_0109-002228,2024-10-24 18:32:41,26.2,mada
biz_0109-002165,2024-10-24 18:33:00,40.47,cash
biz_0109-002161,2024-10-24 18:33:50,27.59,cash
biz_0109-002213,2024-10-24 18:33:54,25.02,mada
biz_0109-002185,2024-10-24 18:42:36,45.54,mada
biz_0109-002233,2024-10-24 19:38:45,41.81,cash
biz_0109-002199,2024-10-24 19:48:46,23.87,credit_card
biz_0109-002179,2024-10-24 19:59:37,10.51,mada
biz_0109-002218,2024-10-24 20:25:14,33.06,mada
biz_0109-002196,2024-10-24 20:25:39,22.52,mada
biz_0109-002312,2024-10-25 05:40:30,33.79,mada
biz_0109-002365,2024-10-25 07:00:55,20.63,mada
biz_0109-002310,2024-10-25 07:01:29,22.34,mada
biz_0109-002276,2024-10-25 07:18:12,24.35,mada
biz_0109-002286,2024-10-25 07:22:55,15.32,mada
biz_0109-002321,2024-10-25 07:23:58,19.41,mada
biz_0109-002300,2024-10-25 07:28:53,22.12,mada
biz_0109-002292,2024-10-25 07:30:37,22.36,mada
biz_0109-002348,2024-10-25 07:37:16,21.61,mada
biz_0109-002370,2024-10-25 07:38:39,15.66,mada
biz_0109-002343,2024-10-25 07:39:05,43.21,cash
biz_0109-002301,2024-10-25 07:41:55,39.6,cash
biz_0109-002267,2024-10-25 07:47:53,46.6,mada
biz_0109-002279,2024-10-25 08:11:40,26.42,mada
biz_0109-002313,2024-10-25 08:26:11,21.46,cash
biz_0109-002333,2024-10-25 08:28:28,20.78,mada
biz_0109-002322,2024-10-25 08:29:26,23.66,mada
biz_0109-002272,2024-10-25 08:38:52,25.09,mada
biz_0109-002262,2024-10-25 08:53:30,20.03,mada
biz_0109-002345,2024-10-25 09:02:59,29.41,mada
biz_0109-002329,2024-10-25 09:03:51,18.23,cash
biz_0109-002283,2024-10-25 09:04:35,17.78,credit_card
biz_0109-002258,2024-10-25 09:12:46,14.75,cash
biz_0109-002338,2024-10-25 09:17:38,28.75,mada
biz_0109-002263,2024-10-25 09:18:11,12.9,mada
biz_0109-002315,2024-10-25 09:23:11,20.06,mada
biz_0109-002303,2024-10-25 09:26:23,34.34,cash
biz_0109-002284,2024-10-25 09:31:18,26.78,mada
biz_0109-002268,2024-10-25 09:33:08,27.99,mada
biz_0109-002368,2024-10-25 09:33:35,32.8,cash
biz_0109-002323,2024-10-25 09:42:58,39.03,credit_card
biz_0109-002318,2024-10-25 09:45:31,33.96,mada
biz_0109-002324,2024-10-25 09:56:17,35.88,credit_card
biz_0109-002339,2024-10-25 10:18:40,26.38,cash
biz_0109-002294,2024-10-25 10:37:40,13.51,mada
biz_0109-002352,2024-10-25 10:45:33,28.11,mada
biz_0109-002366,2024-10-25 11:32:46,16.22,mada
biz_0109-002290,2024-10-25 11:37:34,29.73,credit_card
biz_0109-002355,2024-10-25 12:01:15,49.94,mada
biz_0109-002363,2024-10-25 12:02:10,33.02,mada
biz_0109-002337,2024-10-25 12:08:48,21.41,cash
biz_0109-002359,2024-10-25 12:16:00,13.74,mada
biz_0109-002356,2024-10-25 12:18:25,14.86,credit_card
biz_0109-002371,2024-10-25 12:28:26,23.36,cash
biz_0109-002266,2024-10-25 12:33:54,11.1,mada
biz_0109-002264,2024-10-25 12:37:08,19.56,mada
biz_0109-002282,2024-10-25 12:48:40,24.86,mada
biz_0109-002273,2024-10-25 12:49:25,18.63,cash
biz_0109-002347,2024-10-25 13:01:17,36.69,mada
biz_0109-002256,2024-10-25 13:04:47,25.2,mada
biz_0109-002289,2024-10-25 13:11:14,28.87,mada
biz_0109-002369,2024-10-25 13:14:35,13.73,mada
biz_0109-002353,2024-10-25 13:20:25,16.8,mada
biz_0109-002328,2024-10-25 13:22:29,20.34,mada
biz_0109-002358,2024-10-25 13:24:18,14.96,mada
biz_0109-002293,2024-10-25 13:27:15,32.4,credit_card
biz_0109-002281,2024-10-25 13:44:53,28.97,mada
biz_0109-002261,2024-10-25 13:55:31,38.09,mada
biz_0109-002325,2024-10-25 13:59:31,34.4,credit_card
biz_0109-002341,2024-10-25 14:04:01,19.51,cash
biz_0109-002362,2024-10-25 14:07:16,11.76,mada
biz_0109-002330,2024-10-25 14:08:21,25.34,credit_card
biz_0109-002342,2024-10-25 14:10:07,29.83,cash
biz_0109-002307,2024-10-25 14:15:20,8.8,mada
biz_0109-002346,2024-10-25 14:19:48,22.94,mada
biz_0109-002349,2024-10-25 14:20:41,43.67,mada
biz_0109-002277,2024-10-25 14:21:35,49.11,credit_card
biz_0109-002285,2024-10-25 14:21:56,27.48,mada
biz_0109-002257,2024-10-25 14:22:55,18.16,mada
biz_0109-002332,2024-10-25 14:23:01,24.64,mada
biz_0109-002304,2024-10-25 14:29:59,24.96,mada
biz_0109-002296,2024-10-25 14:33:02,39.82,mada
biz_0109-002287,2024-10-25 14:34:03,19.95,mada
biz_0109-002360,2024-10-25 14:34:42,26.82,mada
biz_0109-002316,2024-10-25 14:39:16,38.0,mada
biz_0109-002309,2024-10-25 14:47:14,38.87,credit_card
biz_0109-002311,2024-10-25 14:57:10,40.39,mada
biz_0109-002271,2024-10-25 15:06:19,41.28,cash
biz_0109-002336,2024-10-25 15:19:03,35.61,mada
biz_0109-002367,2024-10-25 15:27:00,26.42,mada
biz_0109-002331,2024-10-25 15:56:01,38.27,mada
biz_0109-002299,2024-10-25 15:56:48,13.94,mada
biz_0109-002344,2024-10-25 16:01:39,46.36,mada
biz_0109-002361,2024-10-25 16:22:10,28.29,mada
biz_0109-002288,2024-10-25 16:28:30,25.1,mada
biz_0109-002275,2024-10-25 16:32:39,15.4,mada
biz_0109-002270,2024-10-25 16:46:09,84.02,cash
biz_0109-002340,2024-10-25 16:47:39,30.11,cash
biz_0109-002335,2024-10-25 16:53:51,35.76,mada
biz_0109-002317,2024-10-25 17:03:49,32.76,mada
biz_0109-002319,2024-10-25 17:05:58,49.53,mada
biz_0109-002351,2024-10-25 17:06:59,35.15,credit_card
biz_0109-002308,2024-10-25 17:10:43,12.55,mada
biz_0109-002297,2024-10-25 17:15:00,21.66,mada
biz_0109-002357,2024-10-25 17:16:26,25.46,mada
biz_0109-002278,2024-10-25 17:22:45,34.84,cash
biz_0109-002302,2024-10-25 17:34:34,33.74,mada
biz_0109-002306,2024-10-25 17:39:19,43.47,mada
biz_0109-002350,2024-10-25 17:45:22,29.46,mada
biz_0109-002291,2024-10-25 18:01:04,40.17,cash
biz_0109-002269,2024-10-25 18:08:57,12.62,credit_card
biz_0109-002259,2024-10-25 18:09:03,26.12,mada
biz_0109-002354,2024-10-25 18:18:11,39.44,mada
biz_0109-002314,2024-10-25 18:30:55,28.09,cash
biz_0109-002326,2024-10-25 18:42:24,20.77,credit_card
biz_0109-002327,2024-10-25 18:45:04,43.57,mada
biz_0109-002364,2024-10-25 18:51:43,57.97,mada
biz_0109-002274,2024-10-25 18:57:47,56.19,mada
biz_0109-002265,2024-10-25 19:09:55,22.3,credit_card
biz_0109-002305,2024-10-25 19:15:13,40.51,mada
biz_0109-002280,2024-10-25 19:32:49,10.32,mada
biz_0109-002260,2024-10-25 19:39:07,15.5,mada
biz_0109-002320,2024-10-25 20:04:42,30.04,credit_card
biz_0109-002298,2024-10-25 20:48:07,21.73,mada
biz_0109-002295,2024-10-25 21:26:37,29.62,credit_card
biz_0109-002334,2024-10-25 22:57:53,18.41,mada
biz_0109-002408,2024-10-26 06:29:27,23.37,credit_card
biz_0109-002435,2024-10-26 07:21:30,19.27,mada
biz_0109-002403,2024-10-26 07:23:36,18.84,credit_card
biz_0109-002419,2024-10-26 07:24:03,26.38,cash
biz_0109-002388,2024-10-26 07:40:06,26.36,cash
biz_0109-002404,2024-10-26 07:41:00,38.18,mada
biz_0109-002420,2024-10-26 07:51:00,19.67,cash
biz_0109-002383,2024-10-26 08:02:14,14.24,mada
biz_0109-002456,2024-10-26 08:11:56,16.42,cash
biz_0109-002417,2024-10-26 08:20:25,33.68,mada
biz_0109-002448,2024-10-26 08:21:32,23.78,cash
biz_0109-002461,2024-10-26 08:24:14,54.41,mada
biz_0109-002424,2024-10-26 08:26:08,19.57,cash
biz_0109-002453,2024-10-26 08:32:32,22.11,mada
biz_0109-002447,2024-10-26 08:53:32,16.7,credit_card
biz_0109-002411,2024-10-26 08:54:30,42.55,mada
biz_0109-002459,2024-10-26 08:55:05,44.39,mada
biz_0109-002392,2024-10-26 08:56:35,50.96,cash
biz_0109-002387,2024-10-26 09:06:17,25.58,mada
biz_0109-002402,2024-10-26 09:07:31,26.98,mada
biz_0109-002376,2024-10-26 09:09:11,21.04,mada
biz_0109-002433,2024-10-26 09:18:05,39.08,mada
biz_0109-002426,2024-10-26 09:32:31,28.5,mada
biz_0109-002414,2024-10-26 09:34:41,43.59,cash
biz_0109-002385,2024-10-26 09:52:26,24.61,mada
biz_0109-002436,2024-10-26 09:59:56,21.32,credit_card
biz_0109-002442,2024-10-26 10:33:04,32.18,credit_card
biz_0109-002378,2024-10-26 10:59:08,27.86,mada
biz_0109-002438,2024-10-26 11:03:28,36.66,credit_card
biz_0109-002393,2024-10-26 11:06:22,52.14,cash
biz_0109-002406,2024-10-26 11:12:37,27.83,mada
biz_0109-002428,2024-10-26 11:26:18,32.99,mada
biz_0109-002389,2024-10-26 11:27:37,27.83,cash
biz_0109-002440,2024-10-26 11:43:54,19.31,mada
biz_0109-002415,2024-10-26 11:59:45,20.71,mada
biz_0109-002445,2024-10-26 12:00:11,16.18,mada
biz_0109-002398,2024-10-26 12:22:36,26.07,mada
biz_0109-002423,2024-10-26 12:23:21,42.97,mada
biz_0109-002375,2024-10-26 12:25:05,56.81,mada
biz_0109-002395,2024-10-26 12:31:10,25.7,mada
biz_0109-002422,2024-10-26 12:38:23,24.6,mada
biz_0109-002373,2024-10-26 12:44:48,39.58,mada
biz_0109-002381,2024-10-26 12:51:18,29.18,mada
biz_0109-002384,2024-10-26 12:57:18,32.18,cash
biz_0109-002377,2024-10-26 12:57:47,60.91,mada
biz_0109-002421,2024-10-26 13:05:55,14.54,mada
biz_0109-002429,2024-10-26 13:11:58,19.23,mada
biz_0109-002410,2024-10-26 13:12:38,13.72,mada
biz_0109-002446,2024-10-26 13:22:35,24.57,mada
biz_0109-002416,2024-10-26 13:36:14,22.81,mada
biz_0109-002374,2024-10-26 13:42:43,63.14,credit_card
biz_0109-002413,2024-10-26 14:00:47,28.79,credit_card
biz_0109-002431,2024-10-26 14:01:26,29.42,mada
biz_0109-002405,2024-10-26 14:07:36,30.26,mada
biz_0109-002457,2024-10-26 14:14:27,33.87,mada
biz_0109-002460,2024-10-26 14:18:05,26.89,mada
biz_0109-002455,2024-10-26 14:21:06,51.96,credit_card
biz_0109-002462,2024-10-26 14:22:20,26.59,mada
biz_0109-002401,2024-10-26 14:41:32,39.87,cash
biz_0109-002441,2024-10-26 15:00:36,37.32,mada
biz_0109-002394,2024-10-26 15:16:24,71.02,mada
biz_0109-002443,2024-10-26 15:26:44,13.69,cash
biz_0109-002407,2024-10-26 15:30:01,27.59,credit_card
biz_0109-002418,2024-10-26 15:32:36,42.84,mada
biz_0109-002382,2024-10-26 15:45:06,20.39,credit_card
biz_0109-002449,2024-10-26 15:53:36,49.89,cash
biz_0109-002430,2024-10-26 16:03:08,47.91,mada
biz_0109-002399,2024-10-26 16:14:00,16.89,credit_card
biz_0109-002412,2024-10-26 16:30:46,66.34,mada
biz_0109-002432,2024-10-26 16:42:50,32.04,mada
biz_0109-002452,2024-10-26 16:47:04,27.89,mada
biz_0109-002386,2024-10-26 16:55:40,24.58,cash
biz_0109-002400,2024-10-26 16:56:44,39.61,mada
biz_0109-002409,2024-10-26 17:23:12,26.44,mada
biz_0109-002425,2024-10-26 17:27:18,84.74,mada
biz_0109-002451,2024-10-26 17:35:18,24.41,mada
biz_0109-002444,2024-10-26 17:35:38,28.22,mada
biz_0109-002454,2024-10-26 17:38:00,29.38,mada
biz_0109-002458,2024-10-26 17:41:17,36.05,mada
biz_0109-002437,2024-10-26 17:50:53,20.93,cash
biz_0109-002379,2024-10-26 17:54:36,36.83,credit_card
biz_0109-002372,2024-10-26 17:58:52,20.05,mada
biz_0109-002397,2024-10-26 18:00:09,18.83,mada
biz_0109-002390,2024-10-26 18:01:25,29.98,mada
biz_0109-002434,2024-10-26 18:03:31,16.03,mada
biz_0109-002391,2024-10-26 18:16:30,22.33,mada
biz_0109-002380,2024-10-26 18:20:14,93.38,mada
biz_0109-002439,2024-10-26 18:55:36,57.58,cash
biz_0109-002396,2024-10-26 19:37:50,31.13,mada
biz_0109-002427,2024-10-26 20:28:53,18.06,mada
biz_0109-002450,2024-10-26 20:48:32,28.34,mada
biz_0109-002534,2024-10-27 06:35:26,13.41,mada
biz_0109-002489,2024-10-27 06:57:19,20.79,credit_card
biz_0109-002532,2024-10-27 07:03:18,9.57,mada
biz_0109-002471,2024-10-27 07:12:52,14.84,credit_card
biz_0109-002487,2024-10-27 07:43:06,51.26,mada
biz_0109-002520,2024-10-27 08:15:09,13.53,mada
biz_0109-002465,2024-10-27 08:20:01,21.81,mada
biz_0109-002514,2024-10-27 08:20:31,31.76,cash
biz_0109-002467,2024-10-27 08:21:06,24.73,mada
biz_0109-002521,2024-10-27 08:35:16,16.13,mada
biz_0109-002508,2024-10-27 08:43:46,23.47,credit_card
biz_0109-002493,2024-10-27 08:45:49,14.38,credit_card
biz_0109-002533,2024-10-27 08:58:50,16.0,mada
biz_0109-002480,2024-10-27 08:59:22,17.87,mada
biz_0109-002464,2024-10-27 09:08:39,22.17,cash
biz_0109-002497,2024-10-27 09:22:58,50.01,mada
biz_0109-002475,2024-10-27 09:23:56,24.99,mada
biz_0109-002484,2024-10-27 09:24:05,29.69,mada
biz_0109-002494,2024-10-27 09:24:45,26.67,mada
biz_0109-002512,2024-10-27 09:32:43,9.69,mada
biz_0109-002491,2024-10-27 09:34:00,40.06,mada
biz_0109-002466,2024-10-27 09:34:27,38.12,cash
biz_0109-002492,2024-10-27 09:44:37,40.71,mada
biz_0109-002481,2024-10-27 09:44:53,28.69,mada
biz_0109-002524,2024-10-27 10:45:16,8.02,credit_card
biz_0109-002479,2024-10-27 10:50:48,14.61,mada
biz_0109-002498,2024-10-27 11:01:59,23.56,mada
biz_0109-002490,2024-10-27 11:13:02,43.37,mada
biz_0109-002495,2024-10-27 12:14:15,37.37,mada
biz_0109-002476,2024-10-27 12:17:27,13.65,mada
biz_0109-002473,2024-10-27 12:18:30,26.89,mada
biz_0109-002506,2024-10-27 12:59:55,53.85,mada
biz_0109-002526,2024-10-27 13:00:30,26.89,cash
biz_0109-002477,2024-10-27 13:06:15,38.37,credit_card
biz_0109-002518,2024-10-27 13:09:55,29.31,cash
biz_0109-002511,2024-10-27 13:11:21,31.66,credit_card
biz_0109-002538,2024-10-27 13:12:16,38.45,mada
biz_0109-002517,2024-10-27 13:18:45,22.97,cash
biz_0109-002482,2024-10-27 13:23:17,15.47,mada
biz_0109-002468,2024-10-27 13:27:55,34.53,cash
biz_0109-002505,2024-10-27 13:30:13,45.34,mada
biz_0109-002483,2024-10-27 13:35:51,47.85,mada
biz_0109-002539,2024-10-27 13:37:57,46.88,mada
biz_0109-002531,2024-10-27 13:44:21,22.15,mada
biz_0109-002501,2024-10-27 13:47:25,25.8,cash
biz_0109-002536,2024-10-27 13:48:02,31.82,cash
biz_0109-002485,2024-10-27 13:52:42,31.55,cash
biz_0109-002527,2024-10-27 13:53:50,16.64,cash
biz_0109-002515,2024-10-27 14:32:18,23.67,mada
biz_0109-002537,2024-10-27 14:36:34,27.23,credit_card
biz_0109-002510,2024-10-27 14:37:40,29.24,credit_card
biz_0109-002504,2024-10-27 14:45:17,79.83,credit_card
biz_0109-002488,2024-10-27 14:50:04,25.51,cash
biz_0109-002499,2024-10-27 15:13:51,38.69,mada
biz_0109-002513,2024-10-27 15:46:07,24.78,mada
biz_0109-002472,2024-10-27 16:17:29,58.99,mada
biz_0109-002523,2024-10-27 16:28:14,31.14,mada
biz_0109-002463,2024-10-27 16:30:30,41.04,credit_card
biz_0109-002509,2024-10-27 16:41:31,19.24,credit_card
biz_0109-002469,2024-10-27 16:43:37,38.66,mada
biz_0109-002478,2024-10-27 16:47:33,27.23,credit_card
biz_0109-002529,2024-10-27 16:53:53,18.8,mada
biz_0109-002525,2024-10-27 16:56:51,19.17,cash
biz_0109-002486,2024-10-27 16:57:09,26.01,credit_card
biz_0109-002530,2024-10-27 17:03:30,37.43,cash
biz_0109-002528,2024-10-27 17:11:49,21.92,cash
biz_0109-002522,2024-10-27 17:35:39,29.59,cash
biz_0109-002503,2024-10-27 17:42:26,12.1,mada
biz_0109-002500,2024-10-27 17:42:33,27.57,mada
biz_0109-002474,2024-10-27 17:49:14,18.89,mada
biz_0109-002496,2024-10-27 18:04:30,59.42,cash
biz_0109-002470,2024-10-27 18:12:40,36.55,cash
biz_0109-002516,2024-10-27 18:12:49,24.27,credit_card
biz_0109-002507,2024-10-27 19:38:15,31.56,mada
biz_0109-002519,2024-10-27 20:56:25,12.58,mada
biz_0109-002535,2024-10-27 21:55:18,22.99,mada
biz_0109-002502,2024-10-27 22:27:09,29.67,mada
biz_0109-002568,2024-10-28 00:06:21,22.88,mada
biz_0109-002601,2024-10-28 01:43:29,39.87,cash
biz_0109-002555,2024-10-28 07:01:30,49.0,mada
biz_0109-002639,2024-10-28 07:03:18,16.2,mada
biz_0109-002576,2024-10-28 07:23:02,28.38,mada
biz_0109-002626,2024-10-28 07:23:03,39.02,mada
biz_0109-002631,2024-10-28 07:27:28,45.99,mada
biz_0109-002604,2024-10-28 07:38:27,28.37,mada
biz_0109-002540,2024-10-28 07:41:16,22.08,mada
biz_0109-002563,2024-10-28 07:59:27,18.87,mada
biz_0109-002552,2024-10-28 08:37:57,19.91,mada
biz_0109-002606,2024-10-28 08:41:21,28.95,mada
biz_0109-002562,2024-10-28 08:41:48,17.98,mada
biz_0109-002584,2024-10-28 08:44:17,28.82,mada
biz_0109-002588,2024-10-28 08:46:05,31.69,credit_card
biz_0109-002612,2024-10-28 08:52:06,20.05,mada
biz_0109-002593,2024-10-28 09:02:47,11.79,mada
biz_0109-002614,2024-10-28 09:03:25,27.11,mada
biz_0109-002609,2024-10-28 09:03:26,22.95,mada
biz_0109-002611,2024-10-28 09:13:22,17.92,cash
biz_0109-002558,2024-10-28 09:13:51,17.23,mada
biz_0109-002571,2024-10-28 09:22:30,68.6,mada
biz_0109-002635,2024-10-28 09:24:51,14.16,credit_card
biz_0109-002607,2024-10-28 09:35:44,20.02,credit_card
biz_0109-002608,2024-10-28 09:40:14,83.24,cash
biz_0109-002630,2024-10-28 09:43:20,22.71,mada
biz_0109-002545,2024-10-28 09:49:05,32.3,credit_card
biz_0109-002574,2024-10-28 09:53:42,30.37,cash
biz_0109-002561,2024-10-28 10:17:42,22.84,mada
biz_0109-002628,2024-10-28 10:27:59,14.8,mada
biz_0109-002590,2024-10-28 10:30:17,25.02,mada
biz_0109-002610,2024-10-28 10:42:55,36.82,mada
biz_0109-002543,2024-10-28 11:02:06,32.59,mada
biz_0109-002582,2024-10-28 11:15:15,21.87,credit_card
biz_0109-002553,2024-10-28 12:02:34,20.06,mada
biz_0109-002587,2024-10-28 12:07:35,17.04,credit_card
biz_0109-002596,2024-10-28 12:11:33,42.48,cash
biz_0109-002605,2024-10-28 12:11:35,21.19,credit_card
biz_0109-002629,2024-10-28 12:12:24,23.01,cash
biz_0109-002547,2024-10-28 12:14:30,37.5,mada
biz_0109-002622,2024-10-28 12:31:47,18.64,mada
biz_0109-002579,2024-10-28 12:57:19,28.62,cash
biz_0109-002566,2024-10-28 13:15:00,34.62,mada
biz_0109-002589,2024-10-28 13:15:28,56.56,mada
biz_0109-002565,2024-10-28 13:16:05,36.2,mada
biz_0109-002559,2024-10-28 13:26:01,25.96,mada
biz_0109-002554,2024-10-28 13:27:47,13.46,mada
biz_0109-002636,2024-10-28 13:33:37,32.11,mada
biz_0109-002560,2024-10-28 13:35:40,14.69,mada
biz_0109-002632,2024-10-28 13:42:43,23.34,credit_card
biz_0109-002599,2024-10-28 13:53:34,45.89,mada
biz_0109-002621,2024-10-28 13:55:34,53.47,cash
biz_0109-002544,2024-10-28 13:57:50,70.2,mada
biz_0109-002633,2024-10-28 14:14:02,33.58,mada
biz_0109-002624,2024-10-28 14:28:30,30.61,credit_card
biz_0109-002598,2024-10-28 14:32:34,20.85,mada
biz_0109-002620,2024-10-28 14:52:59,33.43,mada
biz_0109-002583,2024-10-28 14:55:35,25.29,cash
biz_0109-002548,2024-10-28 14:55:59,61.77,mada
biz_0109-002600,2024-10-28 14:57:05,17.0,credit_card
biz_0109-002564,2024-10-28 14:58:16,74.53,mada
biz_0109-002541,2024-10-28 15:00:17,47.48,cash
biz_0109-002580,2024-10-28 15:01:16,7.44,credit_card
biz_0109-002619,2024-10-28 15:04:43,23.96,mada
biz_0109-002623,2024-10-28 15:24:26,32.58,credit_card
biz_0109-002581,2024-10-28 15:43:46,32.14,cash
biz_0109-002617,2024-10-28 15:46:55,26.73,mada
biz_0109-002556,2024-10-28 15:52:59,35.33,mada
biz_0109-002638,2024-10-28 16:08:36,41.96,mada
biz_0109-002618,2024-10-28 16:08:50,24.2,credit_card
biz_0109-002627,2024-10-28 16:26:18,19.64,mada
biz_0109-002569,2024-10-28 16:36:48,12.82,cash
biz_0109-002550,2024-10-28 16:58:21,35.86,mada
biz_0109-002549,2024-10-28 17:02:27,43.33,mada
biz_0109-002551,2024-10-28 17:08:12,29.33,mada
biz_0109-002613,2024-10-28 17:10:06,13.99,mada
biz_0109-002542,2024-10-28 17:19:18,79.6,cash
biz_0109-002577,2024-10-28 17:23:42,26.93,mada
biz_0109-002637,2024-10-28 17:32:53,26.02,mada
biz_0109-002625,2024-10-28 17:53:14,19.99,mada
biz_0109-002640,2024-10-28 17:54:47,38.75,mada
biz_0109-002616,2024-10-28 17:57:26,35.22,mada
biz_0109-002557,2024-10-28 17:57:41,26.42,mada
biz_0109-002546,2024-10-28 18:00:00,44.33,cash
biz_0109-002585,2024-10-28 18:07:57,116.91,mada
biz_0109-002586,2024-10-28 18:17:49,74.93,credit_card
biz_0109-002594,2024-10-28 18:18:08,33.55,mada
biz_0109-002641,2024-10-28 18:21:21,29.5,mada
biz_0109-002591,2024-10-28 18:27:21,26.58,cash
biz_0109-002575,2024-10-28 18:30:11,24.92,mada
biz_0109-002592,2024-10-28 18:51:26,32.65,credit_card
biz_0109-002603,2024-10-28 18:52:05,26.23,credit_card
biz_0109-002615,2024-10-28 18:58:53,13.08,credit_card
biz_0109-002602,2024-10-28 19:01:59,24.13,credit_card
biz_0109-002567,2024-10-28 19:06:11,8.39,mada
biz_0109-002572,2024-10-28 19:16:32,20.47,mada
biz_0109-002597,2024-10-28 19:17:51,71.47,cash
biz_0109-002570,2024-10-28 19:24:57,47.25,credit_card
biz_0109-002573,2024-10-28 19:33:34,59.21,mada
biz_0109-002634,2024-10-28 20:06:48,35.76,mada
biz_0109-002578,2024-10-28 20:37:36,10.36,mada
biz_0109-002595,2024-10-28 23:10:16,59.82,mada
biz_0109-002650,2024-10-29 03:35:45,19.79,cash
biz_0109-002708,2024-10-29 06:39:30,44.69,mada
biz_0109-002698,2024-10-29 07:09:07,17.98,cash
biz_0109-002704,2024-10-29 07:12:11,35.79,mada
biz_0109-002694,2024-10-29 07:14:57,59.37,cash
biz_0109-002684,2024-10-29 07:22:32,28.37,mada
biz_0109-002689,2024-10-29 07:23:08,26.14,cash
biz_0109-002657,2024-10-29 07:25:58,37.56,credit_card
biz_0109-002706,2024-10-29 07:49:01,13.71,mada
biz_0109-002697,2024-10-29 08:00:09,28.96,mada
biz_0109-002707,2024-10-29 08:00:09,14.62,mada
biz_0109-002673,2024-10-29 08:07:08,24.0,mada
biz_0109-002713,2024-10-29 08:18:04,30.8,mada
biz_0109-002669,2024-10-29 08:19:54,37.84,mada
biz_0109-002710,2024-10-29 08:32:49,11.23,mada
biz_0109-002696,2024-10-29 08:34:25,25.81,credit_card
biz_0109-002647,2024-10-29 08:39:29,22.08,cash
biz_0109-002642,2024-10-29 08:51:22,32.15,mada
biz_0109-002703,2024-10-29 08:52:38,26.32,mada
biz_0109-002671,2024-10-29 09:00:12,37.47,mada
biz_0109-002690,2024-10-29 09:30:59,35.4,mada
biz_0109-002670,2024-10-29 09:43:14,26.89,mada
biz_0109-002686,2024-10-29 09:46:23,73.7,mada
biz_0109-002715,2024-10-29 09:47:25,27.76,mada
biz_0109-002714,2024-10-29 09:58:06,31.91,credit_card
biz_0109-002691,2024-10-29 09:59:07,31.63,credit_card
biz_0109-002718,2024-10-29 10:14:59,129.42,mada
biz_0109-002705,2024-10-29 10:29:15,19.51,mada
biz_0109-002646,2024-10-29 10:38:50,58.66,mada
biz_0109-002681,2024-10-29 10:55:36,26.16,mada
biz_0109-002700,2024-10-29 11:48:34,52.02,mada
biz_0109-002661,2024-10-29 11:51:08,36.77,mada
biz_0109-002687,2024-10-29 12:02:00,48.04,mada
biz_0109-002677,2024-10-29 12:03:23,13.74,mada
biz_0109-002685,2024-10-29 12:17:57,14.58,cash
biz_0109-002712,2024-10-29 12:18:23,22.19,mada
biz_0109-002663,2024-10-29 12:32:46,37.6,mada
biz_0109-002716,2024-10-29 12:38:46,21.64,mada
biz_0109-002643,2024-10-29 12:58:01,21.26,mada
biz_0109-002666,2024-10-29 13:03:35,30.3,mada
biz_0109-002659,2024-10-29 13:09:02,44.8,mada
biz_0109-002720,2024-10-29 13:09:03,25.71,mada
biz_0109-002651,2024-10-29 13:46:05,12.07,mada
biz_0109-002652,2024-10-29 13:48:02,41.96,mada
biz_0109-002688,2024-10-29 13:52:55,23.28,cash
biz_0109-002654,2024-10-29 14:10:59,63.46,mada
biz_0109-002680,2024-10-29 14:14:13,21.53,mada
biz_0109-002648,2024-10-29 14:30:12,39.89,mada
biz_0109-002667,2024-10-29 14:38:45,12.18,credit_card
biz_0109-002719,2024-10-29 14:43:03,23.22,cash
biz_0109-002717,2024-10-29 14:45:02,41.94,mada
biz_0109-002711,2024-10-29 15:04:50,17.84,mada
biz_0109-002675,2024-10-29 15:18:20,63.43,mada
biz_0109-002679,2024-10-29 15:32:40,19.31,mada
biz_0109-002645,2024-10-29 15:36:38,39.55,mada
biz_0109-002665,2024-10-29 15:38:44,35.59,cash
biz_0109-002701,2024-10-29 15:49:31,43.93,mada
biz_0109-002702,2024-10-29 15:59:42,42.29,mada
biz_0109-002678,2024-10-29 16:03:17,23.28,cash
biz_0109-002692,2024-10-29 16:06:47,68.46,mada
biz_0109-002672,2024-10-29 16:29:22,22.74,mada
biz_0109-002676,2024-10-29 17:04:32,24.52,mada
biz_0109-002658,2024-10-29 17:12:53,21.31,cash
biz_0109-002656,2024-10-29 17:35:49,22.75,mada
biz_0109-002653,2024-10-29 17:36:58,29.05,mada
biz_0109-002699,2024-10-29 17:56:47,23.88,mada
biz_0109-002664,2024-10-29 18:04:39,15.43,mada
biz_0109-002662,2024-10-29 18:05:49,29.18,mada
biz_0109-002695,2024-10-29 18:06:48,57.13,credit_card
biz_0109-002682,2024-10-29 18:26:56,62.27,mada
biz_0109-002655,2024-10-29 18:37:26,29.39,credit_card
biz_0109-002668,2024-10-29 18:53:14,55.76,mada
biz_0109-002674,2024-10-29 19:25:00,67.79,mada
biz_0109-002644,2024-10-29 19:27:11,36.53,credit_card
biz_0109-002649,2024-10-29 20:02:23,32.33,cash
biz_0109-002693,2024-10-29 20:51:02,19.81,mada
biz_0109-002709,2024-10-29 21:39:08,18.58,mada
biz_0109-002660,2024-10-29 22:00:30,37.62,mada
biz_0109-002683,2024-10-29 22:50:55,16.04,mada
biz_0109-002753,2024-10-30 07:13:48,29.53,credit_card
biz_0109-002756,2024-10-30 07:21:49,27.56,credit_card
biz_0109-002735,2024-10-30 07:39:51,30.77,cash
biz_0109-002730,2024-10-30 07:42:45,32.38,mada
biz_0109-002726,2024-10-30 07:49:44,35.52,mada
biz_0109-002748,2024-10-30 08:05:23,69.58,mada
biz_0109-002791,2024-10-30 08:05:49,22.93,mada
biz_0109-002721,2024-10-30 08:20:33,25.19,mada
biz_0109-002802,2024-10-30 08:23:06,23.46,cash
biz_0109-002762,2024-10-30 08:23:48,23.0,mada
biz_0109-002727,2024-10-30 08:23:50,71.92,cash
biz_0109-002728,2024-10-30 08:31:48,28.64,mada
biz_0109-002751,2024-10-30 08:32:11,44.65,credit_card
biz_0109-002782,2024-10-30 08:35:18,14.21,credit_card
biz_0109-002757,2024-10-30 08:42:54,39.54,mada
biz_0109-002765,2024-10-30 08:52:33,34.85,mada
biz_0109-002747,2024-10-30 08:57:43,40.68,mada
biz_0109-002798,2024-10-30 09:06:53,35.71,mada
biz_0109-002770,2024-10-30 09:07:27,81.93,mada
biz_0109-002743,2024-10-30 09:28:28,19.56,credit_card
biz_0109-002725,2024-10-30 09:32:42,45.4,credit_card
biz_0109-002796,2024-10-30 09:35:13,15.85,cash
biz_0109-002752,2024-10-30 09:37:17,17.17,credit_card
biz_0109-002761,2024-10-30 09:48:40,24.38,mada
biz_0109-002767,2024-10-30 09:50:40,34.46,mada
biz_0109-002779,2024-10-30 10:17:51,14.47,mada
biz_0109-002759,2024-10-30 10:35:06,35.55,mada
biz_0109-002788,2024-10-30 10:36:19,78.38,mada
biz_0109-002801,2024-10-30 10:58:55,13.41,mada
biz_0109-002799,2024-10-30 10:59:23,52.35,credit_card
biz_0109-002774,2024-10-30 11:14:08,32.33,mada
biz_0109-002723,2024-10-30 11:19:57,27.05,mada
biz_0109-002775,2024-10-30 11:20:13,25.38,credit_card
biz_0109-002781,2024-10-30 11:22:07,64.17,mada
biz_0109-002746,2024-10-30 11:23:54,22.32,mada
biz_0109-002740,2024-10-30 12:03:36,15.0,credit_card
biz_0109-002778,2024-10-30 12:13:04,19.53,cash
biz_0109-002741,2024-10-30 12:15:44,11.5,credit_card
biz_0109-002792,2024-10-30 12:26:01,20.08,mada
biz_0109-002793,2024-10-30 12:34:47,34.7,mada
biz_0109-002790,2024-10-30 12:52:35,16.18,cash
biz_0109-002766,2024-10-30 12:53:00,54.82,mada
biz_0109-002769,2024-10-30 13:10:17,45.11,cash
biz_0109-002786,2024-10-30 13:12:12,20.49,cash
biz_0109-002780,2024-10-30 13:18:54,19.8,mada
biz_0109-002738,2024-10-30 13:26:06,33.3,mada
biz_0109-002773,2024-10-30 13:31:08,25.81,mada
biz_0109-002733,2024-10-30 13:49:37,47.88,cash
biz_0109-002749,2024-10-30 13:58:24,55.18,credit_card
biz_0109-002789,2024-10-30 13:59:43,25.32,credit_card
biz_0109-002732,2024-10-30 14:07:40,36.96,mada
biz_0109-002744,2024-10-30 14:22:23,19.17,mada
biz_0109-002754,2024-10-30 14:27:20,7.79,mada
biz_0109-002795,2024-10-30 14:30:16,28.37,mada
biz_0109-002768,2024-10-30 14:34:34,16.74,credit_card
biz_0109-002745,2024-10-30 14:36:07,56.6,mada
biz_0109-002794,2024-10-30 14:38:10,77.81,credit_card
biz_0109-002772,2024-10-30 15:06:19,45.38,mada
biz_0109-002731,2024-10-30 15:35:50,40.33,mada
biz_0109-002724,2024-10-30 15:49:25,31.59,mada
biz_0109-002800,2024-10-30 16:06:43,21.36,mada
biz_0109-002734,2024-10-30 16:41:51,44.33,cash
biz_0109-002760,2024-10-30 17:00:42,55.89,cash
biz_0109-002736,2024-10-30 17:11:20,10.64,cash
biz_0109-002797,2024-10-30 17:18:08,34.43,mada
biz_0109-002742,2024-10-30 17:33:20,22.62,mada
biz_0109-002758,2024-10-30 17:52:39,80.81,credit_card
biz_0109-002737,2024-10-30 17:54:30,13.76,mada
biz_0109-002764,2024-10-30 18:10:40,78.63,mada
biz_0109-002787,2024-10-30 18:30:26,44.25,mada
biz_0109-002750,2024-10-30 18:37:51,24.53,mada
biz_0109-002777,2024-10-30 18:49:14,23.53,mada
biz_0109-002784,2024-10-30 18:51:31,14.44,cash
biz_0109-002739,2024-10-30 19:40:00,47.45,mada
biz_0109-002763,2024-10-30 19:42:20,40.97,mada
biz_0109-002729,2024-10-30 19:47:17,24.0,mada
biz_0109-002776,2024-10-30 19:52:55,39.19,credit_card
biz_0109-002771,2024-10-30 19:59:58,56.51,mada
biz_0109-002722,2024-10-30 20:52:22,31.07,credit_card
biz_0109-002755,2024-10-30 21:34:03,31.58,mada
biz_0109-002783,2024-10-30 21:34:34,56.21,credit_card
biz_0109-002785,2024-10-30 23:26:53,36.31,mada
biz_0109-002816,2024-10-31 05:57:45,32.83,cash
biz_0109-002806,2024-10-31 07:08:25,48.05,mada
biz_0109-002846,2024-10-31 07:20:48,33.52,mada
biz_0109-002847,2024-10-31 07:20:54,34.97,mada
biz_0109-002829,2024-10-31 08:02:43,13.42,credit_card
biz_0109-002873,2024-10-31 08:05:21,14.18,credit_card
biz_0109-002865,2024-10-31 08:17:07,24.66,cash
biz_0109-002813,2024-10-31 08:21:09,31.19,mada
biz_0109-002837,2024-10-31 08:23:09,35.95,mada
biz_0109-002850,2024-10-31 08:26:30,44.84,mada
biz_0109-002808,2024-10-31 08:39:07,22.62,cash
biz_0109-002824,2024-10-31 08:39:27,22.62,credit_card
biz_0109-002822,2024-10-31 08:56:42,29.81,mada
biz_0109-002814,2024-10-31 09:40:02,7.75,credit_card
biz_0109-002836,2024-10-31 09:55:18,47.51,mada
biz_0109-002819,2024-10-31 10:01:31,19.21,mada
biz_0109-002852,2024-10-31 10:05:28,50.33,credit_card
biz_0109-002870,2024-10-31 10:13:04,47.76,cash
biz_0109-002844,2024-10-31 10:25:25,18.31,credit_card
biz_0109-002817,2024-10-31 10:37:32,56.76,mada
biz_0109-002805,2024-10-31 10:49:07,19.53,mada
biz_0109-002866,2024-10-31 10:57:08,47.17,mada
biz_0109-002845,2024-10-31 11:01:10,18.35,mada
biz_0109-002849,2024-10-31 11:18:15,44.53,mada
biz_0109-002841,2024-10-31 11:39:27,27.37,mada
biz_0109-002864,2024-10-31 11:41:54,33.78,cash
biz_0109-002857,2024-10-31 12:19:22,56.86,mada
biz_0109-002867,2024-10-31 12:34:14,41.85,mada
biz_0109-002831,2024-10-31 12:41:11,39.17,mada
biz_0109-002861,2024-10-31 12:52:51,12.53,mada
biz_0109-002809,2024-10-31 13:04:09,36.34,mada
biz_0109-002840,2024-10-31 13:08:54,18.94,mada
biz_0109-002810,2024-10-31 13:25:16,24.53,mada
biz_0109-002811,2024-10-31 13:34:57,27.86,mada
biz_0109-002815,2024-10-31 13:53:29,125.1,cash
biz_0109-002872,2024-10-31 13:59:44,24.28,credit_card
biz_0109-002869,2024-10-31 14:04:40,14.42,mada
biz_0109-002828,2024-10-31 14:06:37,27.3,mada
biz_0109-002880,2024-10-31 14:09:22,15.35,mada
biz_0109-002858,2024-10-31 14:23:56,15.03,mada
biz_0109-002827,2024-10-31 14:33:03,46.46,cash
biz_0109-002821,2024-10-31 15:11:41,31.06,cash
biz_0109-002863,2024-10-31 15:15:39,61.24,mada
biz_0109-002855,2024-10-31 15:22:30,38.1,credit_card
biz_0109-002830,2024-10-31 15:41:03,35.06,mada
biz_0109-002807,2024-10-31 15:44:48,21.9,cash
biz_0109-002835,2024-10-31 15:57:06,38.97,mada
biz_0109-002853,2024-10-31 16:08:59,21.37,mada
biz_0109-002842,2024-10-31 16:11:05,20.62,cash
biz_0109-002804,2024-10-31 16:11:47,15.16,mada
biz_0109-002848,2024-10-31 16:32:05,24.53,mada
biz_0109-002868,2024-10-31 16:34:03,63.5,mada
biz_0109-002826,2024-10-31 16:39:49,32.42,cash
biz_0109-002879,2024-10-31 16:40:16,18.49,mada
biz_0109-002862,2024-10-31 16:57:37,24.1,cash
biz_0109-002838,2024-10-31 16:58:21,52.14,mada
biz_0109-002877,2024-10-31 17:01:43,48.78,cash
biz_0109-002874,2024-10-31 17:05:46,24.67,mada
biz_0109-002871,2024-10-31 17:06:04,20.54,cash
biz_0109-002825,2024-10-31 17:15:52,13.26,mada
biz_0109-002834,2024-10-31 17:20:35,53.1,mada
biz_0109-002832,2024-10-31 17:21:08,55.63,cash
biz_0109-002812,2024-10-31 17:36:00,25.49,credit_card
biz_0109-002839,2024-10-31 17:41:06,17.56,credit_card
biz_0109-002823,2024-10-31 17:53:47,22.36,mada
biz_0109-002859,2024-10-31 18:11:35,43.12,cash
biz_0109-002876,2024-10-31 18:43:58,21.42,mada
biz_0109-002851,2024-10-31 18:49:08,29.98,mada
biz_0109-002854,2024-10-31 19:01:35,15.0,mada
biz_0109-002803,2024-10-31 19:09:19,41.86,cash
biz_0109-002833,2024-10-31 19:11:00,25.35,credit_card
biz_0109-002818,2024-10-31 19:12:20,20.05,cash
biz_0109-002843,2024-10-31 19:19:00,18.64,mada
biz_0109-002856,2024-10-31 19:47:33,61.91,cash
biz_0109-002860,2024-10-31 19:56:58,36.89,mada
biz_0109-002875,2024-10-31 20:46:22,16.29,cash
biz_0109-002820,2024-10-31 21:07:34,30.11,mada
biz_0109-002878,2024-10-31 21:54:06,39.98,mada
biz_0109-002888,2024-11-01 01:54:29,18.34,mada
biz_0109-002913,2024-11-01 07:03:17,15.37,credit_card
biz_0109-002958,2024-11-01 07:03:27,33.32,mada
biz_0109-002914,2024-11-01 07:16:23,14.08,cash
biz_0109-002925,2024-11-01 07:19:31,31.06,credit_card
biz_0109-002911,2024-11-01 07:38:43,24.52,mada
biz_0109-002918,2024-11-01 07:40:46,42.19,mada
biz_0109-002919,2024-11-01 07:46:27,18.99,mada
biz_0109-002897,2024-11-01 07:50:39,26.56,mada
biz_0109-002924,2024-11-01 07:51:59,29.86,credit_card
biz_0109-002942,2024-11-01 07:55:12,32.79,cash
biz_0109-002954,2024-11-01 08:01:07,66.53,mada
biz_0109-002902,2024-11-01 08:17:48,22.94,mada
biz_0109-002892,2024-11-01 08:28:42,21.21,mada
biz_0109-002906,2024-11-01 08:48:33,15.74,mada
biz_0109-002943,2024-11-01 08:48:35,22.6,mada
biz_0109-002901,2024-11-01 09:13:26,26.78,credit_card
biz_0109-002935,2024-11-01 09:17:36,15.28,credit_card
biz_0109-002946,2024-11-01 09:18:18,49.71,mada
biz_0109-002891,2024-11-01 09:21:48,27.71,credit_card
biz_0109-002920,2024-11-01 09:31:40,17.51,credit_card
biz_0109-002882,2024-11-01 09:35:16,9.15,mada
biz_0109-002903,2024-11-01 09:43:12,23.18,mada
biz_0109-002883,2024-11-01 10:02:32,37.06,cash
biz_0109-002900,2024-11-01 10:22:17,11.11,credit_card
biz_0109-002939,2024-11-01 10:44:33,34.32,cash
biz_0109-002886,2024-11-01 10:51:11,62.97,mada
biz_0109-002949,2024-11-01 10:52:08,25.34,mada
biz_0109-002937,2024-11-01 11:52:21,44.73,mada
biz_0109-002956,2024-11-01 12:16:47,62.19,credit_card
biz_0109-002944,2024-11-01 12:19:07,13.28,mada
biz_0109-002957,2024-11-01 12:21:27,39.17,mada
biz_0109-002905,2024-11-01 12:35:09,31.34,mada
biz_0109-002932,2024-11-01 12:43:23,19.73,credit_card
biz_0109-002881,2024-11-01 12:44:12,28.92,mada
biz_0109-002898,2024-11-01 13:05:48,33.24,mada
biz_0109-002887,2024-11-01 13:09:37,68.02,mada
biz_0109-002955,2024-11-01 13:21:17,31.7,mada
biz_0109-002915,2024-11-01 13:23:59,45.59,mada
biz_0109-002916,2024-11-01 13:26:16,25.54,cash
biz_0109-002890,2024-11-01 13:30:50,53.77,mada
biz_0109-002909,2024-11-01 13:32:04,23.46,cash
biz_0109-002912,2024-11-01 13:35:50,22.65,mada
biz_0109-002930,2024-11-01 13:45:04,58.82,cash
biz_0109-002931,2024-11-01 13:48:55,35.93,mada
biz_0109-002933,2024-11-01 13:48:55,28.77,mada
biz_0109-002952,2024-11-01 14:02:54,21.82,mada
biz_0109-002934,2024-11-01 14:05:19,28.3,mada
biz_0109-002921,2024-11-01 14:07:56,45.08,credit_card
biz_0109-002938,2024-11-01 14:16:03,80.88,mada
biz_0109-002959,2024-11-01 14:17:39,34.17,credit_card
biz_0109-002904,2024-11-01 14:21:55,35.32,cash
biz_0109-002893,2024-11-01 14:25:53,26.15,mada
biz_0109-002926,2024-11-01 14:42:55,39.44,credit_card
biz_0109-002923,2024-11-01 14:47:37,31.48,mada
biz_0109-002884,2024-11-01 14:50:44,52.22,mada
biz_0109-002941,2024-11-01 14:57:37,25.18,mada
biz_0109-002907,2024-11-01 15:04:37,52.99,mada
biz_0109-002950,2024-11-01 15:13:15,14.84,cash
biz_0109-002917,2024-11-01 15:42:19,13.02,mada
biz_0109-002889,2024-11-01 15:43:10,14.93,mada
biz_0109-002940,2024-11-01 15:53:06,46.46,mada
biz_0109-002910,2024-11-01 15:56:03,26.65,mada
biz_0109-002896,2024-11-01 16:11:34,22.74,credit_card
biz_0109-002953,2024-11-01 16:15:45,14.54,cash
biz_0109-002951,2024-11-01 16:17:34,88.17,mada
biz_0109-002895,2024-11-01 16:23:57,46.16,cash
biz_0109-002948,2024-11-01 16:38:08,9.3,mada
biz_0109-002945,2024-11-01 16:48:36,12.32,mada
biz_0109-002936,2024-11-01 16:49:20,25.36,cash
biz_0109-002899,2024-11-01 17:07:28,73.58,credit_card
biz_0109-002908,2024-11-01 17:22:12,29.83,mada
biz_0109-002929,2024-11-01 17:43:09,22.16,cash
biz_0109-002894,2024-11-01 18:00:37,8.9,mada
biz_0109-002885,2024-11-01 18:35:48,23.83,cash
biz_0109-002947,2024-11-01 19:26:06,31.79,mada
biz_0109-002922,2024-11-01 19:40:17,24.96,mada
biz_0109-002927,2024-11-01 20:14:31,40.11,cash
biz_0109-002928,2024-11-01 20:30:46,57.62,credit_card
biz_0109-002994,2024-11-02 00:07:58,32.36,mada
biz_0109-003015,2024-11-02 06:28:23,30.59,mada
biz_0109-002989,2024-11-02 06:49:03,29.25,credit_card
biz_0109-003048,2024-11-02 06:57:12,26.14,mada
biz_0109-003019,2024-11-02 07:11:54,80.84,mada
biz_0109-003071,2024-11-02 07:17:04,23.66,mada
biz_0109-003017,2024-11-02 07:31:32,27.87,mada
biz_0109-003006,2024-11-02 07:33:53,25.32,mada
biz_0109-002987,2024-11-02 07:49:04,39.82,cash
biz_0109-003016,2024-11-02 08:03:42,31.39,mada
biz_0109-002966,2024-11-02 08:13:40,27.01,credit_card
biz_0109-003052,2024-11-02 08:14:26,15.48,mada
biz_0109-002979,2024-11-02 08:15:14,16.52,mada
biz_0109-002988,2024-11-02 08:16:33,27.22,cash
biz_0109-003046,2024-11-02 08:20:18,26.23,mada
biz_0109-003003,2024-11-02 08:21:49,19.98,mada
biz_0109-003007,2024-11-02 08:27:17,33.42,credit_card
biz_0109-003055,2024-11-02 08:31:05,36.08,cash
biz_0109-003010,2024-11-02 08:32:51,17.97,mada
biz_0109-002974,2024-11-02 08:33:45,21.92,credit_card
biz_0109-003000,2024-11-02 08:50:12,67.73,mada
biz_0109-003038,2024-11-02 08:51:52,28.02,mada
biz_0109-003065,2024-11-02 08:55:18,23.24,mada
biz_0109-002985,2024-11-02 08:56:46,14.43,credit_card
biz_0109-003074,2024-11-02 09:02:48,21.42,mada
biz_0109-002991,2024-11-02 09:06:22,22.23,credit_card
biz_0109-002970,2024-11-02 09:16:11,30.9,cash
biz_0109-003066,2024-11-02 09:24:57,24.01,mada
biz_0109-002969,2024-11-02 09:29:23,10.36,mada
biz_0109-002998,2024-11-02 09:36:36,34.36,mada
biz_0109-003030,2024-11-02 09:42:42,27.8,mada
biz_0109-003020,2024-11-02 09:54:33,25.71,mada
biz_0109-003009,2024-11-02 09:58:20,91.74,mada
biz_0109-003062,2024-11-02 10:04:40,12.18,mada
biz_0109-003057,2024-11-02 10:20:01,37.12,mada
biz_0109-003067,2024-11-02 10:43:57,35.56,credit_card
biz_0109-003008,2024-11-02 10:56:28,42.31,mada
biz_0109-003022,2024-11-02 11:05:18,27.73,mada
biz_0109-003068,2024-11-02 11:06:43,14.83,mada
biz_0109-002981,2024-11-02 11:07:04,16.39,credit_card
biz_0109-003014,2024-11-02 11:09:50,34.83,mada
biz_0109-002983,2024-11-02 11:10:32,24.34,mada
biz_0109-003076,2024-11-02 11:16:51,32.59,mada
biz_0109-002976,2024-11-02 11:37:50,44.2,mada
biz_0109-003034,2024-11-02 11:37:53,40.93,mada
biz_0109-003053,2024-11-02 11:38:04,30.51,mada
biz_0109-002973,2024-11-02 11:50:46,17.2,mada
biz_0109-002993,2024-11-02 12:07:18,19.02,cash
biz_0109-003070,2024-11-02 12:17:50,27.5,mada
biz_0109-003011,2024-11-02 12:19:10,26.14,mada
biz_0109-002961,2024-11-02 12:23:28,41.95,cash
biz_0109-003043,2024-11-02 12:29:11,20.04,mada
biz_0109-003029,2024-11-02 12:44:06,17.26,mada
biz_0109-002977,2024-11-02 12:51:28,13.77,mada
biz_0109-002964,2024-11-02 13:04:22,26.63,cash
biz_0109-003004,2024-11-02 13:15:50,21.18,cash
biz_0109-003031,2024-11-02 13:17:13,21.77,cash
biz_0109-003051,2024-11-02 13:22:06,27.1,mada
biz_0109-002980,2024-11-02 13:23:07,40.28,mada
biz_0109-003078,2024-11-02 13:25:44,47.59,cash
biz_0109-003037,2024-11-02 13:26:59,13.92,mada
biz_0109-003024,2024-11-02 13:29:18,50.32,mada
biz_0109-003013,2024-11-02 13:33:41,26.5,cash
biz_0109-002982,2024-11-02 13:36:26,10.48,mada
biz_0109-003042,2024-11-02 13:43:12,19.65,mada
biz_0109-002962,2024-11-02 13:45:18,12.09,credit_card
biz_0109-003059,2024-11-02 13:51:50,48.13,cash
biz_0109-003035,2024-11-02 14:03:05,20.22,mada
biz_0109-002984,2024-11-02 14:03:36,16.37,mada
biz_0109-003039,2024-11-02 14:10:12,18.64,mada
biz_0109-003050,2024-11-02 14:14:21,29.26,cash
biz_0109-002978,2024-11-02 14:28:47,29.99,mada
biz_0109-002997,2024-11-02 14:29:06,15.87,cash
biz_0109-003056,2024-11-02 14:32:01,17.72,mada
biz_0109-003032,2024-11-02 14:46:45,29.39,mada
biz_0109-003005,2024-11-02 14:48:09,13.16,mada
biz_0109-003023,2024-11-02 14:49:46,20.96,mada
biz_0109-002975,2024-11-02 14:50:16,52.3,mada
biz_0109-002960,2024-11-02 14:50:48,47.34,mada
biz_0109-003047,2024-11-02 14:51:24,30.56,cash
biz_0109-003069,2024-11-02 14:57:27,28.47,mada
biz_0109-003021,2024-11-02 15:03:28,85.77,mada
biz_0109-003027,2024-11-02 15:17:02,15.65,credit_card
biz_0109-002995,2024-11-02 15:17:30,50.48,mada
biz_0109-003018,2024-11-02 15:20:28,21.37,credit_card
biz_0109-003075,2024-11-02 15:36:41,37.34,cash
biz_0109-003045,2024-11-02 15:39:47,54.34,mada
biz_0109-003077,2024-11-02 16:10:27,12.48,credit_card
biz_0109-003060,2024-11-02 16:16:07,24.32,cash
biz_0109-002968,2024-11-02 16:16:38,22.23,mada
biz_0109-003025,2024-11-02 16:18:11,5.85,cash
biz_0109-003061,2024-11-02 16:21:38,42.67,mada
biz_0109-002992,2024-11-02 16:23:01,18.54,mada
biz_0109-003036,2024-11-02 16:24:37,34.55,mada
biz_0109-003049,2024-11-02 16:28:46,46.92,mada
biz_0109-003041,2024-11-02 16:43:52,26.14,mada
biz_0109-003028,2024-11-02 17:03:49,53.48,mada
biz_0109-003073,2024-11-02 17:07:02,53.99,mada
biz_0109-002972,2024-11-02 17:10:17,61.39,mada
biz_0109-003002,2024-11-02 17:10:52,45.28,mada
biz_0109-003040,2024-11-02 17:11:00,20.14,mada
biz_0109-003063,2024-11-02 17:11:33,25.31,credit_card
biz_0109-003064,2024-11-02 17:24:12,17.88,mada
biz_0109-003044,2024-11-02 17:29:18,19.25,mada
biz_0109-003072,2024-11-02 17:34:59,32.54,mada
biz_0109-002963,2024-11-02 17:39:54,32.52,mada
biz_0109-003079,2024-11-02 17:44:08,43.73,credit_card
biz_0109-002971,2024-11-02 17:44:21,63.62,credit_card
biz_0109-002990,2024-11-02 17:51:47,39.46,mada
biz_0109-003001,2024-11-02 17:52:33,20.98,credit_card
biz_0109-003058,2024-11-02 17:54:35,39.94,mada
biz_0109-002967,2024-11-02 17:57:32,76.34,mada
biz_0109-002996,2024-11-02 18:04:43,41.68,credit_card
biz_0109-003026,2024-11-02 18:54:07,17.24,mada
biz_0109-003054,2024-11-02 20:05:38,5.48,mada
biz_0109-003033,2024-11-02 20:37:23,26.33,mada
biz_0109-003012,2024-11-02 21:27:46,33.21,mada
biz_0109-002986,2024-11-02 21:55:37,25.23,mada
biz_0109-002965,2024-11-02 22:32:00,35.04,mada
biz_0109-002999,2024-11-02 23:26:15,33.89,mada
biz_0109-003145,2024-11-03 01:50:18,97.72,mada
biz_0109-003108,2024-11-03 05:58:54,40.61,cash
biz_0109-003096,2024-11-03 06:01:27,40.35,mada
biz_0109-003094,2024-11-03 07:00:04,21.17,credit_card
biz_0109-003099,2024-11-03 07:05:32,33.53,cash
biz_0109-003163,2024-11-03 07:07:08,46.14,mada
biz_0109-003135,2024-11-03 07:07:26,46.01,mada
biz_0109-003156,2024-11-03 07:08:48,25.91,cash
biz_0109-003165,2024-11-03 07:25:43,16.25,credit_card
biz_0109-003136,2024-11-03 07:29:05,18.64,mada
biz_0109-003102,2024-11-03 07:29:52,43.49,mada
biz_0109-003116,2024-11-03 07:49:41,26.76,mada
biz_0109-003080,2024-11-03 07:56:24,33.13,cash
biz_0109-003084,2024-11-03 08:01:32,25.4,cash
biz_0109-003153,2024-11-03 08:05:56,25.3,mada
biz_0109-003157,2024-11-03 08:10:35,44.06,credit_card
biz_0109-003098,2024-11-03 08:16:33,31.88,mada
biz_0109-003093,2024-11-03 08:20:20,14.71,cash
biz_0109-003160,2024-11-03 08:20:38,19.81,mada
biz_0109-003088,2024-11-03 08:23:14,18.27,credit_card
biz_0109-003115,2024-11-03 08:32:47,32.84,cash
biz_0109-003159,2024-11-03 08:35:24,28.0,mada
biz_0109-003083,2024-11-03 08:38:43,47.76,mada
biz_0109-003137,2024-11-03 08:50:26,37.45,mada
biz_0109-003086,2024-11-03 08:53:46,14.99,mada
biz_0109-003146,2024-11-03 09:06:31,51.99,mada
biz_0109-003127,2024-11-03 09:14:21,36.34,mada
biz_0109-003113,2024-11-03 09:17:04,17.65,mada
biz_0109-003158,2024-11-03 09:23:38,27.13,mada
biz_0109-003154,2024-11-03 09:32:03,24.34,cash
biz_0109-003089,2024-11-03 10:00:05,50.31,mada
biz_0109-003132,2024-11-03 10:10:52,39.23,mada
biz_0109-003148,2024-11-03 10:18:49,16.11,mada
biz_0109-003164,2024-11-03 10:28:32,40.76,mada
biz_0109-003118,2024-11-03 10:30:31,55.4,mada
biz_0109-003081,2024-11-03 11:13:35,16.25,credit_card
biz_0109-003114,2024-11-03 11:39:19,44.27,mada
biz_0109-003131,2024-11-03 11:41:28,49.66,mada
biz_0109-003129,2024-11-03 11:51:52,29.96,cash
biz_0109-003103,2024-11-03 11:54:46,38.01,mada
biz_0109-003168,2024-11-03 12:13:45,31.69,cash
biz_0109-003121,2024-11-03 12:54:27,53.96,mada
biz_0109-003097,2024-11-03 13:03:24,27.04,mada
biz_0109-003106,2024-11-03 13:17:31,26.73,mada
biz_0109-003150,2024-11-03 13:20:49,50.03,credit_card
biz_0109-003122,2024-11-03 13:22:07,22.53,mada
biz_0109-003100,2024-11-03 13:40:05,22.47,mada
biz_0109-003141,2024-11-03 13:46:12,26.0,mada
biz_0109-003085,2024-11-03 13:49:20,17.87,mada
biz_0109-003090,2024-11-03 13:50:03,14.68,cash
biz_0109-003092,2024-11-03 13:52:53,37.39,mada
biz_0109-003109,2024-11-03 13:58:25,22.38,mada
biz_0109-003151,2024-11-03 13:59:10,34.44,mada
biz_0109-003133,2024-11-03 14:03:02,16.75,mada
biz_0109-003104,2024-11-03 14:07:02,23.1,mada
biz_0109-003126,2024-11-03 14:08:26,35.9,mada
biz_0109-003082,2024-11-03 14:21:48,35.81,mada
biz_0109-003162,2024-11-03 14:24:59,31.65,mada
biz_0109-003123,2024-11-03 14:30:22,26.47,mada
biz_0109-003142,2024-11-03 14:32:23,31.1,mada
biz_0109-003166,2024-11-03 14:50:15,38.34,cash
biz_0109-003167,2024-11-03 15:09:54,101.13,mada
biz_0109-003149,2024-11-03 15:16:41,34.6,mada
biz_0109-003111,2024-11-03 15:27:39,12.82,mada
biz_0109-003107,2024-11-03 15:42:19,38.01,cash
biz_0109-003119,2024-11-03 15:51:32,28.06,credit_card
biz_0109-003124,2024-11-03 16:05:11,25.28,mada
biz_0109-003087,2024-11-03 16:06:36,19.65,mada
biz_0109-003147,2024-11-03 16:22:53,39.69,cash
biz_0109-003095,2024-11-03 16:26:33,18.41,mada
biz_0109-003140,2024-11-03 16:29:17,37.67,mada
biz_0109-003125,2024-11-03 16:54:53,31.06,credit_card
biz_0109-003101,2024-11-03 16:58:08,38.05,mada
biz_0109-003120,2024-11-03 17:00:04,25.09,mada
biz_0109-003143,2024-11-03 17:03:57,24.2,credit_card
biz_0109-003091,2024-11-03 17:12:07,25.43,cash
biz_0109-003152,2024-11-03 17:20:31,44.93,mada
biz_0109-003138,2024-11-03 17:29:02,35.93,mada
biz_0109-003110,2024-11-03 17:29:43,19.2,credit_card
biz_0109-003155,2024-11-03 18:19:56,46.03,mada
biz_0109-003134,2024-11-03 18:19:57,51.36,cash
biz_0109-003112,2024-11-03 18:20:54,19.62,mada
biz_0109-003117,2024-11-03 18:35:41,20.01,mada
biz_0109-003144,2024-11-03 18:38:05,12.65,cash
biz_0109-003130,2024-11-03 18:41:43,24.68,cash
biz_0109-003105,2024-11-03 18:45:41,35.11,mada
biz_0109-003139,2024-11-03 18:49:17,39.01,mada
biz_0109-003161,2024-11-03 21:39:16,30.33,credit_card
biz_0109-003128,2024-11-03 22:37:08,42.09,mada
biz_0109-003237,2024-11-04 06:29:51,20.27,mada
biz_0109-003178,2024-11-04 07:01:00,28.82,mada
biz_0109-003216,2024-11-04 07:02:35,31.05,credit_card
biz_0109-003225,2024-11-04 07:21:54,25.31,credit_card
biz_0109-003192,2024-11-04 07:22:53,19.27,mada
biz_0109-003221,2024-11-04 07:25:35,21.66,mada
biz_0109-003197,2024-11-04 07:41:31,39.34,mada
biz_0109-003201,2024-11-04 07:53:01,13.4,mada
biz_0109-003184,2024-11-04 07:59:16,17.69,mada
biz_0109-003212,2024-11-04 08:00:46,50.76,mada
biz_0109-003194,2024-11-04 08:02:11,59.21,mada
biz_0109-003248,2024-11-04 08:04:52,11.64,mada
biz_0109-003234,2024-11-04 08:08:55,20.21,mada
biz_0109-003217,2024-11-04 08:17:16,28.46,mada
biz_0109-003180,2024-11-04 08:27:15,34.46,credit_card
biz_0109-003236,2024-11-04 08:31:07,29.87,credit_card
biz_0109-003247,2024-11-04 08:39:10,46.66,cash
biz_0109-003173,2024-11-04 08:40:16,38.42,credit_card
biz_0109-003220,2024-11-04 08:41:51,23.75,mada
biz_0109-003235,2024-11-04 08:55:03,49.02,mada
biz_0109-003207,2024-11-04 09:23:26,17.21,credit_card
biz_0109-003211,2024-11-04 09:27:36,52.07,mada
biz_0109-003230,2024-11-04 09:29:05,16.98,mada
biz_0109-003218,2024-11-04 09:30:39,12.5,mada
biz_0109-003227,2024-11-04 09:38:01,20.34,mada
biz_0109-003188,2024-11-04 09:59:08,52.44,mada
biz_0109-003199,2024-11-04 10:38:06,23.55,mada
biz_0109-003200,2024-11-04 10:50:39,21.45,mada
biz_0109-003171,2024-11-04 11:16:19,20.53,mada
biz_0109-003189,2024-11-04 11:45:09,70.54,mada
biz_0109-003205,2024-11-04 12:05:24,13.38,cash
biz_0109-003238,2024-11-04 12:09:07,46.61,mada
biz_0109-003204,2024-11-04 12:15:55,8.75,mada
biz_0109-003244,2024-11-04 12:18:04,17.32,credit_card
biz_0109-003240,2024-11-04 12:35:26,23.59,mada
biz_0109-003187,2024-11-04 12:49:00,19.99,cash
biz_0109-003182,2024-11-04 13:01:29,61.71,credit_card
biz_0109-003177,2024-11-04 13:09:15,21.55,mada
biz_0109-003249,2024-11-04 13:10:11,27.45,mada
biz_0109-003223,2024-11-04 13:11:37,21.22,mada
biz_0109-003175,2024-11-04 13:15:29,26.66,mada
biz_0109-003232,2024-11-04 13:26:31,29.43,mada
biz_0109-003169,2024-11-04 13:30:01,47.98,mada
biz_0109-003198,2024-11-04 13:33:47,21.62,cash
biz_0109-003219,2024-11-04 13:34:21,23.8,cash
biz_0109-003243,2024-11-04 13:36:51,22.52,mada
biz_0109-003206,2024-11-04 13:38:27,29.11,credit_card
biz_0109-003174,2024-11-04 13:40:28,32.18,mada
biz_0109-003241,2024-11-04 14:08:13,25.15,mada
biz_0109-003196,2024-11-04 14:25:19,22.31,mada
biz_0109-003250,2024-11-04 14:28:17,22.83,mada
biz_0109-003181,2024-11-04 14:38:09,20.18,credit_card
biz_0109-003233,2024-11-04 14:47:42,22.69,mada
biz_0109-003185,2024-11-04 14:51:54,14.63,mada
biz_0109-003228,2024-11-04 15:33:46,27.07,cash
biz_0109-003203,2024-11-04 15:40:31,36.9,mada
biz_0109-003239,2024-11-04 15:53:12,28.52,cash
biz_0109-003242,2024-11-04 16:05:59,24.9,cash
biz_0109-003176,2024-11-04 16:19:30,34.94,cash
biz_0109-003214,2024-11-04 16:19:47,32.4,mada
biz_0109-003246,2024-11-04 16:25:32,56.5,mada
biz_0109-003222,2024-11-04 16:30:05,24.99,credit_card
biz_0109-003190,2024-11-04 16:30:12,63.0,mada
biz_0109-003245,2024-11-04 16:32:31,30.89,mada
biz_0109-003195,2024-11-04 16:34:50,33.62,cash
biz_0109-003191,2024-11-04 16:41:37,16.38,cash
biz_0109-003172,2024-11-04 16:47:52,40.19,mada
biz_0109-003231,2024-11-04 17:00:43,29.13,cash
biz_0109-003224,2024-11-04 17:03:35,26.74,mada
biz_0109-003210,2024-11-04 17:05:17,31.7,cash
biz_0109-003209,2024-11-04 17:08:26,63.19,mada
biz_0109-003202,2024-11-04 17:21:11,16.07,mada
biz_0109-003215,2024-11-04 17:30:10,45.03,mada
biz_0109-003213,2024-11-04 17:35:18,35.12,cash
biz_0109-003208,2024-11-04 17:57:20,48.36,credit_card
biz_0109-003226,2024-11-04 18:14:48,24.54,cash
biz_0109-003193,2024-11-04 18:38:36,17.9,mada
biz_0109-003229,2024-11-04 18:39:04,37.45,cash
biz_0109-003170,2024-11-04 18:47:35,22.04,mada
biz_0109-003251,2024-11-04 18:58:52,14.94,mada
biz_0109-003186,2024-11-04 19:15:05,33.82,mada
biz_0109-003183,2024-11-04 19:35:31,27.36,cash
biz_0109-003179,2024-11-04 22:28:48,17.42,mada
biz_0109-003298,2024-11-05 05:02:31,13.12,mada
biz_0109-003274,2024-11-05 07:13:30,21.58,mada
biz_0109-003291,2024-11-05 07:18:46,28.31,mada
biz_0109-003311,2024-11-05 07:25:10,19.49,mada
biz_0109-003285,2024-11-05 07:34:14,24.31,cash
biz_0109-003263,2024-11-05 07:53:13,34.14,mada
biz_0109-003344,2024-11-05 08:01:36,28.01,credit_card
biz_0109-003276,2024-11-05 08:03:03,15.58,cash
biz_0109-003345,2024-11-05 08:10:04,21.84,cash
biz_0109-003349,2024-11-05 08:13:11,70.46,mada
biz_0109-003304,2024-11-05 08:13:41,26.15,credit_card
biz_0109-003303,2024-11-05 08:19:19,41.93,mada
biz_0109-003318,2024-11-05 08:23:22,41.93,mada
biz_0109-003307,2024-11-05 08:34:37,42.01,cash
biz_0109-003320,2024-11-05 08:48:27,43.22,mada
biz_0109-003316,2024-11-05 08:57:39,32.64,mada
biz_0109-003334,2024-11-05 08:58:52,38.14,cash
biz_0109-003262,2024-11-05 08:59:37,21.88,mada
biz_0109-003261,2024-11-05 09:06:17,24.02,mada
biz_0109-003292,2024-11-05 09:30:09,13.51,mada
biz_0109-003301,2024-11-05 09:30:40,33.22,mada
biz_0109-003267,2024-11-05 09:30:55,88.72,mada
biz_0109-003341,2024-11-05 09:37:22,22.41,mada
biz_0109-003271,2024-11-05 09:41:36,33.56,cash
biz_0109-003299,2024-11-05 09:47:56,17.48,mada
biz_0109-003317,2024-11-05 09:50:17,28.42,cash
biz_0109-003286,2024-11-05 10:02:41,29.45,mada
biz_0109-003342,2024-11-05 10:11:14,63.67,mada
biz_0109-003336,2024-11-05 10:55:02,60.73,mada
biz_0109-003335,2024-11-05 11:06:00,22.3,mada
biz_0109-003321,2024-11-05 11:07:52,12.87,mada
biz_0109-003289,2024-11-05 11:27:10,20.4,mada
biz_0109-003332,2024-11-05 11:31:56,34.6,cash
biz_0109-003308,2024-11-05 11:38:39,30.76,mada
biz_0109-003260,2024-11-05 11:51:23,50.7,mada
biz_0109-003346,2024-11-05 11:52:48,16.2,mada
biz_0109-003319,2024-11-05 12:04:31,20.77,mada
biz_0109-003277,2024-11-05 12:10:52,38.26,mada
biz_0109-003312,2024-11-05 12:11:31,16.75,mada
biz_0109-003280,2024-11-05 12:15:14,81.57,mada
biz_0109-003252,2024-11-05 12:22:10,33.53,credit_card
biz_0109-003253,2024-11-05 12:25:52,12.82,mada
biz_0109-003333,2024-11-05 12:26:48,62.59,mada
biz_0109-003329,2024-11-05 12:35:53,38.45,cash
biz_0109-003351,2024-11-05 12:47:31,23.37,credit_card
biz_0109-003272,2024-11-05 13:02:29,28.35,cash
biz_0109-003327,2024-11-05 13:03:31,21.25,mada
biz_0109-003254,2024-11-05 13:20:52,62.82,mada
biz_0109-003326,2024-11-05 13:27:27,15.31,mada
biz_0109-003266,2024-11-05 13:27:54,57.9,mada
biz_0109-003287,2024-11-05 13:38:23,17.07,mada
biz_0109-003297,2024-11-05 13:45:06,24.67,mada
biz_0109-003306,2024-11-05 13:54:15,26.68,mada
biz_0109-003281,2024-11-05 13:57:10,24.29,credit_card
biz_0109-003265,2024-11-05 14:05:20,22.88,cash
biz_0109-003330,2024-11-05 14:08:04,12.24,cash
biz_0109-003313,2024-11-05 14:14:44,74.04,mada
biz_0109-003278,2024-11-05 14:21:41,43.34,cash
biz_0109-003325,2024-11-05 14:24:20,15.05,credit_card
biz_0109-003269,2024-11-05 14:32:58,30.34,mada
biz_0109-003275,2024-11-05 14:44:27,70.3,mada
biz_0109-003314,2024-11-05 15:25:14,22.1,mada
biz_0109-003343,2024-11-05 16:04:31,31.95,mada
biz_0109-003295,2024-11-05 16:07:46,43.93,mada
biz_0109-003294,2024-11-05 16:14:05,40.02,cash
biz_0109-003268,2024-11-05 16:18:48,58.8,mada
biz_0109-003283,2024-11-05 16:21:02,18.67,credit_card
biz_0109-003348,2024-11-05 16:27:46,31.29,mada
biz_0109-003339,2024-11-05 16:29:57,46.03,mada
biz_0109-003338,2024-11-05 16:35:26,18.23,mada
biz_0109-003290,2024-11-05 16:37:34,11.17,mada
biz_0109-003270,2024-11-05 16:45:04,27.08,mada
biz_0109-003256,2024-11-05 16:46:08,39.62,credit_card
biz_0109-003300,2024-11-05 16:48:41,49.39,mada
biz_0109-003310,2024-11-05 16:50:10,30.7,mada
biz_0109-003347,2024-11-05 16:53:15,28.22,credit_card
biz_0109-003284,2024-11-05 16:59:43,12.02,cash
biz_0109-003322,2024-11-05 17:02:08,41.48,mada
biz_0109-003264,2024-11-05 17:03:14,41.96,cash
biz_0109-003350,2024-11-05 17:06:59,54.02,mada
biz_0109-003302,2024-11-05 17:07:37,39.15,mada
biz_0109-003296,2024-11-05 17:19:22,23.65,mada
biz_0109-003257,2024-11-05 17:35:28,37.74,mada
biz_0109-003259,2024-11-05 17:53:58,46.29,cash
biz_0109-003324,2024-11-05 18:10:40,25.91,mada
biz_0109-003331,2024-11-05 18:20:01,37.69,mada
biz_0109-003323,2024-11-05 18:32:59,26.77,mada
biz_0109-003273,2024-11-05 18:33:34,39.89,mada
biz_0109-003279,2024-11-05 18:46:16,27.54,credit_card
biz_0109-003315,2024-11-05 18:52:53,24.82,mada
biz_0109-003288,2024-11-05 18:53:33,21.15,mada
biz_0109-003328,2024-11-05 18:58:49,40.23,mada
biz_0109-003340,2024-11-05 19:12:10,22.75,mada
biz_0109-003255,2024-11-05 19:20:31,13.51,credit_card
biz_0109-003293,2024-11-05 19:55:23,48.77,cash
biz_0109-003309,2024-11-05 19:58:17,15.1,mada
biz_0109-003282,2024-11-05 20:25:27,74.79,mada
biz_0109-003305,2024-11-05 20:41:27,50.16,mada
biz_0109-003337,2024-11-05 22:29:53,23.31,cash
biz_0109-003258,2024-11-05 22:35:04,15.29,credit_card
biz_0109-003375,2024-11-06 04:53:44,60.72,cash
biz_0109-003371,2024-11-06 06:07:33,17.27,cash
biz_0109-003399,2024-11-06 06:58:47,31.48,mada
biz_0109-003443,2024-11-06 07:00:25,93.27,mada
biz_0109-003385,2024-11-06 07:17:50,17.6,cash
biz_0109-003456,2024-11-06 07:19:14,23.42,mada
biz_0109-003442,2024-11-06 07:20:52,30.13,credit_card
biz_0109-003410,2024-11-06 07:31:37,31.47,mada
biz_0109-003403,2024-11-06 07:36:03,23.36,cash
biz_0109-003437,2024-11-06 07:38:14,67.48,mada
biz_0109-003423,2024-11-06 07:38:46,9.92,mada
biz_0109-003361,2024-11-06 07:39:10,23.13,cash
biz_0109-003390,2024-11-06 08:01:51,23.32,cash
biz_0109-003365,2024-11-06 08:09:31,31.93,credit_card
biz_0109-003446,2024-11-06 08:17:00,39.77,mada
biz_0109-003360,2024-11-06 08:24:22,26.96,cash
biz_0109-003363,2024-11-06 08:27:43,23.2,mada
biz_0109-003439,2024-11-06 08:30:04,24.22,mada
biz_0109-003412,2024-11-06 08:30:19,23.2,mada
biz_0109-003379,2024-11-06 08:33:13,65.53,mada
biz_0109-003415,2024-11-06 08:36:33,34.57,mada
biz_0109-003404,2024-11-06 08:42:52,25.58,mada
biz_0109-003382,2024-11-06 08:46:47,22.2,mada
biz_0109-003384,2024-11-06 08:54:27,26.29,cash
biz_0109-003435,2024-11-06 08:54:37,15.72,mada
biz_0109-003440,2024-11-06 09:06:23,25.67,mada
biz_0109-003374,2024-11-06 09:10:11,20.08,cash
biz_0109-003450,2024-11-06 09:10:44,35.79,mada
biz_0109-003376,2024-11-06 09:14:11,25.32,mada
biz_0109-003387,2024-11-06 09:30:44,35.09,mada
biz_0109-003436,2024-11-06 09:31:17,31.49,mada
biz_0109-003434,2024-11-06 09:31:54,28.24,cash
biz_0109-003421,2024-11-06 09:39:28,14.27,cash
biz_0109-003373,2024-11-06 09:43:22,30.45,mada
biz_0109-003400,2024-11-06 09:48:01,17.41,mada
biz_0109-003401,2024-11-06 10:00:18,40.53,mada
biz_0109-003383,2024-11-06 10:23:25,70.59,credit_card
biz_0109-003409,2024-11-06 10:52:53,59.18,mada
biz_0109-003449,2024-11-06 11:11:33,32.02,cash
biz_0109-003366,2024-11-06 11:38:15,39.47,cash
biz_0109-003454,2024-11-06 12:13:24,49.63,cash
biz_0109-003432,2024-11-06 12:50:01,44.86,credit_card
biz_0109-003452,2024-11-06 12:52:33,38.88,credit_card
biz_0109-003386,2024-11-06 12:55:48,48.96,cash
biz_0109-003398,2024-11-06 13:00:26,36.52,mada
biz_0109-003367,2024-11-06 13:06:33,21.81,credit_card
biz_0109-003378,2024-11-06 13:07:50,31.06,mada
biz_0109-003447,2024-11-06 13:15:47,15.71,mada
biz_0109-003362,2024-11-06 13:18:01,42.97,credit_card
biz_0109-003453,2024-11-06 13:23:05,11.48,cash
biz_0109-003391,2024-11-06 13:31:18,45.34,credit_card
biz_0109-003418,2024-11-06 13:36:57,13.0,mada
biz_0109-003457,2024-11-06 13:37:25,13.81,mada
biz_0109-003389,2024-11-06 13:41:02,15.97,mada
biz_0109-003394,2024-11-06 13:41:42,13.44,mada
biz_0109-003416,2024-11-06 13:47:25,30.75,mada
biz_0109-003364,2024-11-06 13:50:34,23.73,mada
biz_0109-003431,2024-11-06 13:51:05,19.77,cash
biz_0109-003445,2024-11-06 13:58:16,23.56,mada
biz_0109-003425,2024-11-06 13:59:35,30.02,mada
biz_0109-003393,2024-11-06 14:06:37,56.57,mada
biz_0109-003426,2024-11-06 14:06:58,35.32,credit_card
biz_0109-003380,2024-11-06 14:10:57,13.24,mada
biz_0109-003356,2024-11-06 14:27:59,16.26,mada
biz_0109-003408,2024-11-06 14:37:30,25.11,mada
biz_0109-003392,2024-11-06 14:55:33,30.79,mada
biz_0109-003411,2024-11-06 15:25:59,25.73,mada
biz_0109-003422,2024-11-06 15:32:06,33.18,mada
biz_0109-003395,2024-11-06 15:36:03,36.7,cash
biz_0109-003388,2024-11-06 15:38:24,18.01,cash
biz_0109-003407,2024-11-06 16:17:56,13.03,cash
biz_0109-003433,2024-11-06 16:25:41,29.53,mada
biz_0109-003370,2024-11-06 16:25:54,45.71,cash
biz_0109-003414,2024-11-06 16:56:38,51.08,mada
biz_0109-003427,2024-11-06 17:10:50,95.03,mada
biz_0109-003420,2024-11-06 17:12:30,47.65,cash
biz_0109-003359,2024-11-06 17:18:00,36.27,mada
biz_0109-003419,2024-11-06 17:23:17,54.11,mada
biz_0109-003353,2024-11-06 17:41:08,21.52,cash
biz_0109-003455,2024-11-06 17:45:53,37.71,mada
biz_0109-003417,2024-11-06 17:53:18,8.14,mada
biz_0109-003406,2024-11-06 18:01:31,25.46,mada
biz_0109-003369,2024-11-06 18:03:21,36.18,credit_card
biz_0109-003381,2024-11-06 18:04:44,13.31,mada
biz_0109-003357,2024-11-06 18:12:29,24.9,credit_card
biz_0109-003438,2024-11-06 18:21:17,45.41,mada
biz_0109-003377,2024-11-06 18:41:01,11.24,cash
biz_0109-003413,2024-11-06 18:41:57,30.46,mada
biz_0109-003397,2024-11-06 18:42:37,28.79,cash
biz_0109-003358,2024-11-06 18:45:29,20.4,mada
biz_0109-003444,2024-11-06 18:47:37,41.59,mada
biz_0109-003352,2024-11-06 18:49:48,49.69,mada
biz_0109-003372,2024-11-06 18:57:22,24.06,cash
biz_0109-003355,2024-11-06 18:57:51,63.92,mada
biz_0109-003368,2024-11-06 19:02:16,15.46,mada
biz_0109-003424,2024-11-06 19:14:15,22.38,cash
biz_0109-003430,2024-11-06 19:16:52,48.87,mada
biz_0109-003441,2024-11-06 19:25:52,13.26,credit_card
biz_0109-003405,2024-11-06 19:35:22,27.56,mada
biz_0109-003451,2024-11-06 19:37:09,27.5,mada
biz_0109-003448,2024-11-06 20:28:34,27.89,mada
biz_0109-003428,2024-11-06 21:14:21,36.92,mada
biz_0109-003429,2024-11-06 21:39:34,9.7,mada
biz_0109-003354,2024-11-06 22:29:45,14.42,credit_card
biz_0109-003402,2024-11-06 22:39:37,30.18,mada
biz_0109-003396,2024-11-06 23:06:12,23.34,credit_card
biz_0109-003524,2024-11-07 05:32:32,41.0,mada
biz_0109-003520,2024-11-07 07:08:12,23.05,mada
biz_0109-003544,2024-11-07 07:10:30,54.8,mada
biz_0109-003539,2024-11-07 07:16:16,27.03,credit_card
biz_0109-003481,2024-11-07 07:35:43,31.87,mada
biz_0109-003533,2024-11-07 07:37:43,28.15,mada
biz_0109-003540,2024-11-07 07:43:40,34.96,mada
biz_0109-003553,2024-11-07 08:08:42,21.56,cash
biz_0109-003478,2024-11-07 08:19:28,21.0,cash
biz_0109-003483,2024-11-07 08:29:18,35.91,credit_card
biz_0109-003461,2024-11-07 08:29:50,29.24,mada
biz_0109-003458,2024-11-07 08:32:57,24.01,credit_card
biz_0109-003460,2024-11-07 08:33:23,15.44,mada
biz_0109-003521,2024-11-07 08:35:46,45.78,mada
biz_0109-003519,2024-11-07 08:47:50,29.51,mada
biz_0109-003549,2024-11-07 08:49:29,21.26,mada
biz_0109-003485,2024-11-07 08:51:37,68.03,mada
biz_0109-003497,2024-11-07 08:55:48,16.52,mada
biz_0109-003493,2024-11-07 08:59:53,72.91,mada
biz_0109-003502,2024-11-07 09:01:36,18.15,cash
biz_0109-003470,2024-11-07 09:04:24,45.04,mada
biz_0109-003488,2024-11-07 09:39:34,45.45,mada
biz_0109-003477,2024-11-07 09:55:26,7.52,mada
biz_0109-003545,2024-11-07 10:09:01,29.87,mada
biz_0109-003479,2024-11-07 10:23:46,26.83,credit_card
biz_0109-003513,2024-11-07 10:34:05,29.44,mada
biz_0109-003508,2024-11-07 10:36:02,18.89,mada
biz_0109-003528,2024-11-07 10:41:24,20.08,cash
biz_0109-003532,2024-11-07 11:14:08,90.08,mada
biz_0109-003555,2024-11-07 11:14:55,30.97,cash
biz_0109-003531,2024-11-07 11:48:54,20.77,mada
biz_0109-003462,2024-11-07 11:51:21,17.43,mada
biz_0109-003536,2024-11-07 11:54:36,52.5,mada
biz_0109-003486,2024-11-07 12:02:26,17.83,mada
biz_0109-003511,2024-11-07 12:13:48,68.64,mada
biz_0109-003489,2024-11-07 12:19:34,15.07,mada
biz_0109-003476,2024-11-07 12:23:03,26.02,cash
biz_0109-003522,2024-11-07 12:28:29,19.31,mada
biz_0109-003498,2024-11-07 12:48:00,48.86,mada
biz_0109-003514,2024-11-07 12:53:33,26.39,mada
biz_0109-003551,2024-11-07 12:54:34,58.24,mada
biz_0109-003467,2024-11-07 13:03:31,55.2,cash
biz_0109-003525,2024-11-07 13:20:49,76.65,cash
biz_0109-003492,2024-11-07 13:27:48,85.23,mada
biz_0109-003512,2024-11-07 13:38:14,36.24,mada
biz_0109-003471,2024-11-07 13:39:16,56.47,mada
biz_0109-003523,2024-11-07 13:49:32,36.11,mada
biz_0109-003552,2024-11-07 13:52:14,17.89,mada
biz_0109-003466,2024-11-07 13:54:57,31.9,mada
biz_0109-003550,2024-11-07 14:06:32,59.87,cash
biz_0109-003509,2024-11-07 14:11:08,18.48,mada
biz_0109-003530,2024-11-07 14:11:20,32.92,mada
biz_0109-003474,2024-11-07 14:11:45,12.37,mada
biz_0109-003510,2024-11-07 14:15:59,27.2,mada
biz_0109-003494,2024-11-07 14:21:07,77.91,mada
biz_0109-003482,2024-11-07 14:25:49,9.2,mada
biz_0109-003527,2024-11-07 14:37:16,36.4,cash
biz_0109-003537,2024-11-07 15:05:22,24.77,cash
biz_0109-003534,2024-11-07 15:15:36,25.1,credit_card
biz_0109-003529,2024-11-07 15:25:53,27.18,mada
biz_0109-003468,2024-11-07 15:34:18,45.08,mada
biz_0109-003504,2024-11-07 15:37:14,29.14,mada
biz_0109-003554,2024-11-07 15:37:14,29.92,mada
biz_0109-003469,2024-11-07 15:50:07,41.02,mada
biz_0109-003501,2024-11-07 16:02:43,29.08,mada
biz_0109-003472,2024-11-07 16:10:57,29.27,mada
biz_0109-003543,2024-11-07 16:23:41,11.85,mada
biz_0109-003547,2024-11-07 16:30:36,22.83,mada
biz_0109-003526,2024-11-07 16:45:46,37.92,credit_card
biz_0109-003538,2024-11-07 16:54:14,49.36,mada
biz_0109-003495,2024-11-07 16:54:27,57.42,cash
biz_0109-003490,2024-11-07 17:00:17,27.66,cash
biz_0109-003500,2024-11-07 17:03:20,27.22,mada
biz_0109-003475,2024-11-07 17:04:45,60.56,credit_card
biz_0109-003503,2024-11-07 17:06:03,32.83,mada
biz_0109-003516,2024-11-07 17:13:37,16.06,cash
biz_0109-003546,2024-11-07 17:13:52,13.59,credit_card
biz_0109-003487,2024-11-07 17:14:45,19.11,mada
biz_0109-003465,2024-11-07 17:23:15,14.75,mada
biz_0109-003499,2024-11-07 17:24:00,39.35,mada
biz_0109-003507,2024-11-07 17:26:33,34.37,mada
biz_0109-003535,2024-11-07 17:28:26,31.96,mada
biz_0109-003517,2024-11-07 17:32:24,21.98,mada
biz_0109-003518,2024-11-07 17:40:00,38.26,cash
biz_0109-003464,2024-11-07 17:51:14,40.68,mada
biz_0109-003473,2024-11-07 17:53:58,32.8,mada
biz_0109-003480,2024-11-07 17:55:36,29.7,mada
biz_0109-003491,2024-11-07 18:01:33,20.51,cash
biz_0109-003515,2024-11-07 18:10:50,67.77,mada
biz_0109-003506,2024-11-07 18:27:43,27.48,credit_card
biz_0109-003463,2024-11-07 18:40:44,15.82,credit_card
biz_0109-003496,2024-11-07 18:47:17,24.35,mada
biz_0109-003541,2024-11-07 19:15:03,36.52,mada
biz_0109-003542,2024-11-07 19:21:37,19.05,cash
biz_0109-003484,2024-11-07 19:56:35,62.01,mada
biz_0109-003505,2024-11-07 20:11:38,27.51,cash
biz_0109-003548,2024-11-07 22:35:17,26.84,mada
biz_0109-003459,2024-11-07 22:55:48,25.26,mada
biz_0109-003613,2024-11-08 04:17:05,29.59,mada
biz_0109-003611,2024-11-08 05:08:41,25.31,cash
biz_0109-003606,2024-11-08 06:38:14,66.21,mada
biz_0109-003566,2024-11-08 07:29:25,26.29,mada
biz_0109-003574,2024-11-08 07:33:10,36.49,credit_card
biz_0109-003558,2024-11-08 07:36:15,30.5,mada
biz_0109-003594,2024-11-08 07:55:17,17.9,mada
biz_0109-003586,2024-11-08 07:55:53,21.88,mada
biz_0109-003604,2024-11-08 08:06:48,71.77,mada
biz_0109-003589,2024-11-08 08:15:35,9.65,mada
biz_0109-003595,2024-11-08 08:27:59,20.68,mada
biz_0109-003593,2024-11-08 08:44:40,48.55,credit_card
biz_0109-003577,2024-11-08 08:59:25,14.81,mada
biz_0109-003605,2024-11-08 09:10:35,39.49,cash
biz_0109-003567,2024-11-08 09:34:02,36.09,mada
biz_0109-003584,2024-11-08 09:35:30,50.4,cash
biz_0109-003576,2024-11-08 10:01:56,7.06,mada
biz_0109-003616,2024-11-08 10:05:00,35.95,credit_card
biz_0109-003612,2024-11-08 10:08:24,12.62,credit_card
biz_0109-003561,2024-11-08 10:12:56,46.41,mada
biz_0109-003579,2024-11-08 10:22:27,16.93,mada
biz_0109-003600,2024-11-08 10:32:56,137.56,mada
biz_0109-003591,2024-11-08 10:34:28,19.55,credit_card
biz_0109-003556,2024-11-08 11:48:33,20.78,mada
biz_0109-003569,2024-11-08 12:26:03,18.38,cash
biz_0109-003573,2024-11-08 12:37:38,22.65,credit_card
biz_0109-003570,2024-11-08 12:53:00,30.69,credit_card
biz_0109-003621,2024-11-08 13:00:39,15.77,credit_card
biz_0109-003602,2024-11-08 13:05:31,27.23,mada
biz_0109-003581,2024-11-08 13:26:45,36.88,mada
biz_0109-003571,2024-11-08 13:33:02,15.81,credit_card
biz_0109-003607,2024-11-08 13:37:52,26.77,mada
biz_0109-003580,2024-11-08 13:49:33,36.98,mada
biz_0109-003583,2024-11-08 13:50:27,45.65,mada
biz_0109-003568,2024-11-08 14:12:27,91.07,cash
biz_0109-003603,2024-11-08 14:19:16,24.24,mada
biz_0109-003563,2024-11-08 14:48:02,35.07,cash
biz_0109-003560,2024-11-08 14:50:06,33.88,mada
biz_0109-003582,2024-11-08 14:56:42,32.39,cash
biz_0109-003592,2024-11-08 15:27:18,21.66,mada
biz_0109-003587,2024-11-08 16:03:24,16.87,mada
biz_0109-003609,2024-11-08 16:09:46,12.49,mada
biz_0109-003615,2024-11-08 16:49:29,19.45,mada
biz_0109-003618,2024-11-08 17:01:51,52.96,credit_card
biz_0109-003598,2024-11-08 17:02:16,23.98,mada
biz_0109-003572,2024-11-08 17:03:44,24.16,cash
biz_0109-003565,2024-11-08 17:07:43,69.6,cash
biz_0109-003596,2024-11-08 17:10:29,25.16,mada
biz_0109-003590,2024-11-08 17:27:28,83.72,mada
biz_0109-003597,2024-11-08 17:30:39,27.76,cash
biz_0109-003622,2024-11-08 17:46:52,32.23,mada
biz_0109-003575,2024-11-08 18:00:50,18.64,mada
biz_0109-003620,2024-11-08 18:05:00,46.24,mada
biz_0109-003578,2024-11-08 18:09:00,53.43,mada
biz_0109-003601,2024-11-08 18:14:58,22.99,mada
biz_0109-003599,2024-11-08 18:22:38,25.64,mada
biz_0109-003608,2024-11-08 18:28:27,16.61,cash
biz_0109-003588,2024-11-08 18:35:27,14.59,mada
biz_0109-003614,2024-11-08 18:38:01,37.67,cash
biz_0109-003557,2024-11-08 19:09:57,52.4,credit_card
biz_0109-003623,2024-11-08 19:29:22,50.83,cash
biz_0109-003559,2024-11-08 19:41:49,17.8,credit_card
biz_0109-003564,2024-11-08 19:58:38,34.72,mada
biz_0109-003617,2024-11-08 20:09:22,15.83,mada
biz_0109-003585,2024-11-08 20:38:36,16.3,mada
biz_0109-003619,2024-11-08 20:40:46,43.99,mada
biz_0109-003610,2024-11-08 20:49:06,43.03,mada
biz_0109-003562,2024-11-08 20:57:48,44.65,credit_card
biz_0109-003657,2024-11-09 05:08:34,36.14,cash
biz_0109-003697,2024-11-09 05:54:03,21.45,credit_card
biz_0109-003662,2024-11-09 07:32:40,57.93,mada
biz_0109-003696,2024-11-09 07:35:08,28.43,cash
biz_0109-003702,2024-11-09 07:41:00,33.86,mada
biz_0109-003672,2024-11-09 07:43:59,10.87,mada
biz_0109-003694,2024-11-09 07:52:27,24.43,mada
biz_0109-003690,2024-11-09 08:05:36,52.66,mada
biz_0109-003684,2024-11-09 08:46:24,35.2,cash
biz_0109-003701,2024-11-09 08:49:08,29.12,mada
biz_0109-003653,2024-11-09 08:53:01,22.18,mada
biz_0109-003646,2024-11-09 08:58:00,37.35,credit_card
biz_0109-003666,2024-11-09 09:17:26,22.73,mada
biz_0109-003649,2024-11-09 09:23:15,22.09,mada
biz_0109-003642,2024-11-09 09:55:16,22.23,mada
biz_0109-003627,2024-11-09 09:57:37,18.35,cash
biz_0109-003634,2024-11-09 09:58:28,18.82,mada
biz_0109-003679,2024-11-09 10:11:10,31.96,mada
biz_0109-003693,2024-11-09 10:17:00,31.41,mada
biz_0109-003682,2024-11-09 10:30:39,25.21,mada
biz_0109-003699,2024-11-09 10:40:23,30.62,mada
biz_0109-003648,2024-11-09 11:01:42,40.18,cash
biz_0109-003674,2024-11-09 11:08:10,36.21,mada
biz_0109-003683,2024-11-09 11:12:01,15.86,mada
biz_0109-003624,2024-11-09 11:13:59,6.93,mada
biz_0109-003645,2024-11-09 11:52:08,25.76,cash
biz_0109-003688,2024-11-09 12:09:00,12.9,mada
biz_0109-003637,2024-11-09 12:12:31,18.3,cash
biz_0109-003660,2024-11-09 12:16:31,51.06,credit_card
biz_0109-003681,2024-11-09 12:25:38,27.75,mada
biz_0109-003640,2024-11-09 12:39:18,19.68,mada
biz_0109-003675,2024-11-09 12:48:03,44.8,cash
biz_0109-003625,2024-11-09 13:05:21,25.08,cash
biz_0109-003629,2024-11-09 13:11:18,45.1,mada
biz_0109-003644,2024-11-09 13:15:10,55.1,cash
biz_0109-003630,2024-11-09 13:23:01,28.52,mada
biz_0109-003635,2024-11-09 13:26:55,13.79,mada
biz_0109-003687,2024-11-09 13:35:13,23.61,mada
biz_0109-003631,2024-11-09 13:35:40,24.46,cash
biz_0109-003691,2024-11-09 13:39:50,28.99,credit_card
biz_0109-003673,2024-11-09 14:35:23,15.89,cash
biz_0109-003685,2024-11-09 14:49:14,42.26,mada
biz_0109-003632,2024-11-09 14:50:29,21.74,mada
biz_0109-003667,2024-11-09 14:52:06,45.06,credit_card
biz_0109-003676,2024-11-09 14:56:56,19.89,mada
biz_0109-003700,2024-11-09 15:19:45,14.29,mada
biz_0109-003636,2024-11-09 15:44:33,23.43,cash
biz_0109-003677,2024-11-09 15:47:40,15.72,mada
biz_0109-003698,2024-11-09 15:50:01,15.94,cash
biz_0109-003668,2024-11-09 15:55:49,20.51,mada
biz_0109-003641,2024-11-09 16:09:27,53.44,credit_card
biz_0109-003686,2024-11-09 16:16:21,41.82,mada
biz_0109-003671,2024-11-09 16:19:47,29.21,mada
biz_0109-003639,2024-11-09 16:26:50,39.77,mada
biz_0109-003663,2024-11-09 16:33:23,52.96,mada
biz_0109-003638,2024-11-09 16:41:39,23.69,cash
biz_0109-003628,2024-11-09 16:51:13,20.19,mada
biz_0109-003670,2024-11-09 16:57:22,30.27,mada
biz_0109-003626,2024-11-09 16:59:12,12.64,mada
biz_0109-003656,2024-11-09 17:00:56,17.99,credit_card
biz_0109-003680,2024-11-09 17:10:08,24.09,mada
biz_0109-003703,2024-11-09 17:14:21,33.79,credit_card
biz_0109-003658,2024-11-09 17:16:19,21.86,mada
biz_0109-003689,2024-11-09 17:26:49,30.0,mada
biz_0109-003665,2024-11-09 17:38:19,54.85,mada
biz_0109-003692,2024-11-09 17:49:03,32.22,mada
biz_0109-003655,2024-11-09 17:50:20,54.43,mada
biz_0109-003650,2024-11-09 17:50:46,37.28,mada
biz_0109-003659,2024-11-09 17:53:09,33.04,mada
biz_0109-003651,2024-11-09 17:54:24,24.39,mada
biz_0109-003661,2024-11-09 18:06:41,24.65,credit_card
biz_0109-003652,2024-11-09 18:18:42,38.08,cash
biz_0109-003695,2024-11-09 18:21:59,14.79,credit_card
biz_0109-003678,2024-11-09 18:29:41,27.94,mada
biz_0109-003647,2024-11-09 18:55:28,55.8,mada
biz_0109-003664,2024-11-09 19:31:24,32.86,mada
biz_0109-003654,2024-11-09 19:47:23,64.54,mada
biz_0109-003643,2024-11-09 20:48:35,35.88,mada
biz_0109-003669,2024-11-09 21:32:02,11.13,mada
biz_0109-003633,2024-11-09 23:51:30,41.58,cash
biz_0109-003844,2024-11-10 07:05:31,14.38,mada
biz_0109-003789,2024-11-10 07:06:38,45.68,cash
biz_0109-003752,2024-11-10 07:13:26,23.79,mada
biz_0109-003793,2024-11-10 07:19:40,26.16,mada
biz_0109-003737,2024-11-10 07:28:49,27.08,mada
biz_0109-003735,2024-11-10 07:30:18,53.62,mada
biz_0109-003716,2024-11-10 07:43:35,20.97,credit_card
biz_0109-003787,2024-11-10 07:50:07,40.45,mada
biz_0109-003730,2024-11-10 07:51:04,21.46,mada
biz_0109-003773,2024-11-10 07:59:09,27.02,mada
biz_0109-003800,2024-11-10 08:06:52,26.73,mada
biz_0109-003774,2024-11-10 08:07:10,38.94,cash
biz_0109-003744,2024-11-10 08:09:32,32.76,mada
biz_0109-003842,2024-11-10 08:09:56,25.15,mada
biz_0109-003840,2024-11-10 08:11:09,26.13,mada
biz_0109-003758,2024-11-10 08:12:27,38.24,mada
biz_0109-003798,2024-11-10 08:13:21,27.91,mada
biz_0109-003765,2024-11-10 08:15:17,48.01,mada
biz_0109-003838,2024-11-10 08:19:26,31.26,mada
biz_0109-003736,2024-11-10 08:22:52,11.31,mada
biz_0109-003754,2024-11-10 08:23:25,25.6,credit_card
biz_0109-003792,2024-11-10 08:33:21,34.94,mada
biz_0109-003763,2024-11-10 08:34:13,48.07,mada
biz_0109-003724,2024-11-10 08:34:51,26.48,mada
biz_0109-003828,2024-11-10 08:35:11,25.76,mada
biz_0109-003811,2024-11-10 08:42:04,31.46,cash
biz_0109-003815,2024-11-10 08:45:37,44.55,cash
biz_0109-003706,2024-11-10 08:57:01,36.76,mada
biz_0109-003783,2024-11-10 08:57:53,62.25,mada
biz_0109-003707,2024-11-10 08:58:11,12.67,mada
biz_0109-003710,2024-11-10 08:58:52,50.01,mada
biz_0109-003801,2024-11-10 09:10:46,15.96,mada
biz_0109-003764,2024-11-10 09:15:07,63.47,mada
biz_0109-003785,2024-11-10 09:15:29,31.1,cash
biz_0109-003812,2024-11-10 09:18:09,28.04,mada
biz_0109-003822,2024-11-10 09:26:36,45.06,mada
biz_0109-003741,2024-11-10 09:30:06,10.41,cash
biz_0109-003727,2024-11-10 09:30:14,34.17,cash
biz_0109-003807,2024-11-10 09:32:26,27.21,mada
biz_0109-003778,2024-11-10 09:32:32,23.83,mada
biz_0109-003784,2024-11-10 09:36:10,12.3,mada
biz_0109-003846,2024-11-10 09:40:32,15.39,mada
biz_0109-003771,2024-11-10 09:55:51,38.71,cash
biz_0109-003743,2024-11-10 09:55:54,23.96,mada
biz_0109-003797,2024-11-10 09:57:07,20.09,mada
biz_0109-003718,2024-11-10 09:57:34,25.43,mada
biz_0109-003726,2024-11-10 10:04:25,23.19,mada
biz_0109-003780,2024-11-10 10:16:21,24.04,mada
biz_0109-003742,2024-11-10 10:29:58,40.47,mada
biz_0109-003715,2024-11-10 10:35:38,20.79,cash
biz_0109-003734,2024-11-10 10:35:54,30.52,mada
biz_0109-003755,2024-11-10 10:40:54,28.59,cash
biz_0109-003782,2024-11-10 10:40:56,19.9,cash
biz_0109-003772,2024-11-10 10:45:27,72.11,credit_card
biz_0109-003819,2024-11-10 10:50:30,31.49,mada
biz_0109-003799,2024-11-10 10:50:43,12.4,mada
biz_0109-003738,2024-11-10 10:53:56,51.17,mada
biz_0109-003725,2024-11-10 11:03:58,12.65,mada
biz_0109-003733,2024-11-10 11:14:28,35.35,mada
biz_0109-003760,2024-11-10 11:35:56,78.44,cash
biz_0109-003711,2024-11-10 12:00:45,48.03,mada
biz_0109-003818,2024-11-10 12:05:13,25.85,mada
biz_0109-003786,2024-11-10 12:09:34,31.94,credit_card
biz_0109-003803,2024-11-10 12:13:42,46.21,cash
biz_0109-003802,2024-11-10 12:19:30,49.85,cash
biz_0109-003732,2024-11-10 12:25:43,24.08,cash
biz_0109-003805,2024-11-10 12:36:08,38.82,mada
biz_0109-003817,2024-11-10 12:49:38,23.31,mada
biz_0109-003729,2024-11-10 12:58:00,28.46,mada
biz_0109-003824,2024-11-10 13:04:06,20.45,mada
biz_0109-003712,2024-11-10 13:06:21,19.21,credit_card
biz_0109-003796,2024-11-10 13:07:49,34.58,mada
biz_0109-003714,2024-11-10 13:13:32,9.67,mada
biz_0109-003830,2024-11-10 13:15:14,47.26,cash
biz_0109-003795,2024-11-10 13:15:16,19.63,cash
biz_0109-003829,2024-11-10 13:16:03,35.0,mada
biz_0109-003775,2024-11-10 13:19:04,14.33,cash
biz_0109-003831,2024-11-10 13:28:41,15.03,mada
biz_0109-003719,2024-11-10 13:31:19,30.63,credit_card
biz_0109-003836,2024-11-10 13:39:48,28.69,cash
biz_0109-003759,2024-11-10 13:44:56,15.97,credit_card
biz_0109-003739,2024-11-10 13:53:15,28.55,cash
biz_0109-003708,2024-11-10 14:02:20,41.38,credit_card
biz_0109-003791,2024-11-10 14:03:25,32.25,cash
biz_0109-003814,2024-11-10 14:18:02,36.26,mada
biz_0109-003841,2024-11-10 14:28:21,41.74,credit_card
biz_0109-003835,2024-11-10 14:31:20,17.78,cash
biz_0109-003748,2024-11-10 14:32:43,37.34,mada
biz_0109-003722,2024-11-10 14:34:57,35.94,cash
biz_0109-003832,2024-11-10 14:41:31,31.25,mada
biz_0109-003794,2024-11-10 14:45:29,17.11,cash
biz_0109-003749,2024-11-10 14:45:40,29.85,mada
biz_0109-003809,2024-11-10 14:59:16,22.2,mada
biz_0109-003845,2024-11-10 15:02:50,39.7,cash
biz_0109-003709,2024-11-10 15:15:06,22.69,mada
biz_0109-003806,2024-11-10 15:29:16,27.18,cash
biz_0109-003837,2024-11-10 15:48:03,23.99,credit_card
biz_0109-003833,2024-11-10 15:56:56,29.73,mada
biz_0109-003753,2024-11-10 15:59:49,14.21,mada
biz_0109-003810,2024-11-10 16:03:20,83.77,cash
biz_0109-003788,2024-11-10 16:05:59,23.78,cash
biz_0109-003776,2024-11-10 16:06:06,64.22,mada
biz_0109-003804,2024-11-10 16:10:06,33.95,mada
biz_0109-003721,2024-11-10 16:24:33,27.42,credit_card
biz_0109-003762,2024-11-10 16:25:50,47.12,mada
biz_0109-003704,2024-11-10 16:27:25,27.21,mada
biz_0109-003779,2024-11-10 16:30:09,25.6,credit_card
biz_0109-003777,2024-11-10 16:34:56,22.23,mada
biz_0109-003761,2024-11-10 16:44:13,32.76,mada
biz_0109-003823,2024-11-10 16:44:33,52.11,cash
biz_0109-003770,2024-11-10 16:53:34,21.52,mada
biz_0109-003756,2024-11-10 17:00:08,37.63,mada
biz_0109-003757,2024-11-10 17:06:37,19.93,credit_card
biz_0109-003766,2024-11-10 17:14:35,26.04,mada
biz_0109-003816,2024-11-10 17:16:42,25.99,cash
biz_0109-003790,2024-11-10 17:17:10,63.7,mada
biz_0109-003720,2024-11-10 17:26:33,51.51,mada
biz_0109-003750,2024-11-10 17:34:27,93.45,credit_card
biz_0109-003839,2024-11-10 17:35:15,40.11,cash
biz_0109-003825,2024-11-10 17:40:16,37.26,mada
biz_0109-003781,2024-11-10 17:42:43,24.53,mada
biz_0109-003740,2024-11-10 17:48:27,20.11,mada
biz_0109-003731,2024-11-10 17:49:26,34.81,credit_card
biz_0109-003751,2024-11-10 17:55:34,22.76,mada
biz_0109-003767,2024-11-10 17:57:48,21.14,mada
biz_0109-003746,2024-11-10 18:01:37,46.99,mada
biz_0109-003827,2024-11-10 18:02:13,16.78,mada
biz_0109-003747,2024-11-10 18:09:12,39.57,mada
biz_0109-003821,2024-11-10 18:17:10,36.23,mada
biz_0109-003728,2024-11-10 18:19:25,40.91,mada
biz_0109-003713,2024-11-10 18:35:45,25.1,mada
biz_0109-003834,2024-11-10 18:43:19,24.96,mada
biz_0109-003813,2024-11-10 18:49:17,30.73,cash
biz_0109-003745,2024-11-10 18:49:27,49.74,cash
biz_0109-003723,2024-11-10 18:50:42,40.02,mada
biz_0109-003769,2024-11-10 19:25:13,21.99,mada
biz_0109-003717,2024-11-10 19:30:54,31.82,mada
biz_0109-003826,2024-11-10 19:35:05,32.32,credit_card
biz_0109-003768,2024-11-10 20:31:19,23.47,mada
biz_0109-003843,2024-11-10 20:32:24,28.18,cash
biz_0109-003820,2024-11-10 20:41:00,19.65,mada
biz_0109-003808,2024-11-10 21:50:05,33.92,mada
biz_0109-003705,2024-11-10 21:52:59,35.58,mada
biz_0109-003886,2024-11-11 07:14:10,29.07,mada
biz_0109-003924,2024-11-11 07:39:16,33.32,mada
biz_0109-003879,2024-11-11 07:46:12,21.44,mada
biz_0109-003871,2024-11-11 07:53:29,13.36,mada
biz_0109-003856,2024-11-11 08:03:41,27.18,cash
biz_0109-003853,2024-11-11 08:24:22,24.46,credit_card
biz_0109-003906,2024-11-11 08:40:20,16.22,mada
biz_0109-003869,2024-11-11 08:49:04,25.7,mada
biz_0109-003861,2024-11-11 08:51:47,29.92,mada
biz_0109-003850,2024-11-11 08:54:05,19.28,cash
biz_0109-003909,2024-11-11 08:59:31,19.67,mada
biz_0109-003872,2024-11-11 09:04:28,28.43,cash
biz_0109-003933,2024-11-11 09:18:08,26.29,mada
biz_0109-003874,2024-11-11 09:18:47,23.76,mada
biz_0109-003935,2024-11-11 09:36:48,33.05,mada
biz_0109-003913,2024-11-11 09:41:35,12.56,mada
biz_0109-003892,2024-11-11 09:41:37,33.94,mada
biz_0109-003908,2024-11-11 09:45:49,35.27,mada
biz_0109-003923,2024-11-11 09:50:12,85.44,cash
biz_0109-003877,2024-11-11 09:55:16,20.82,mada
biz_0109-003891,2024-11-11 09:58:55,54.43,credit_card
biz_0109-003863,2024-11-11 10:02:29,10.22,mada
biz_0109-003900,2024-11-11 10:49:40,29.94,mada
biz_0109-003930,2024-11-11 11:07:14,14.91,cash
biz_0109-003927,2024-11-11 11:17:49,24.57,mada
biz_0109-003849,2024-11-11 11:19:57,33.22,cash
biz_0109-003862,2024-11-11 11:38:34,14.24,mada
biz_0109-003926,2024-11-11 12:03:55,52.49,mada
biz_0109-003860,2024-11-11 12:05:02,25.76,cash
biz_0109-003934,2024-11-11 12:07:10,18.76,mada
biz_0109-003884,2024-11-11 12:07:50,40.6,mada
biz_0109-003902,2024-11-11 12:18:38,14.36,cash
biz_0109-003911,2024-11-11 12:21:54,20.38,mada
biz_0109-003882,2024-11-11 12:22:01,37.34,mada
biz_0109-003898,2024-11-11 12:28:23,66.8,mada
biz_0109-003904,2024-11-11 12:28:28,44.94,cash
biz_0109-003931,2024-11-11 12:29:51,19.15,cash
biz_0109-003920,2024-11-11 12:34:02,37.81,cash
biz_0109-003918,2024-11-11 12:35:24,45.88,credit_card
biz_0109-003847,2024-11-11 12:38:11,38.01,credit_card
biz_0109-003880,2024-11-11 12:55:01,31.42,credit_card
biz_0109-003925,2024-11-11 12:56:02,41.09,mada
biz_0109-003881,2024-11-11 12:58:26,24.54,mada
biz_0109-003905,2024-11-11 13:03:53,17.15,cash
biz_0109-003854,2024-11-11 13:06:51,52.79,cash
biz_0109-003878,2024-11-11 13:07:01,63.14,cash
biz_0109-003901,2024-11-11 13:07:25,24.59,mada
biz_0109-003893,2024-11-11 13:12:19,19.56,credit_card
biz_0109-003852,2024-11-11 13:23:12,20.35,credit_card
biz_0109-003899,2024-11-11 13:24:05,27.8,mada
biz_0109-003858,2024-11-11 13:34:33,74.15,cash
biz_0109-003921,2024-11-11 13:51:48,13.7,mada
biz_0109-003907,2024-11-11 14:02:10,20.38,mada
biz_0109-003851,2024-11-11 14:24:27,23.39,mada
biz_0109-003868,2024-11-11 14:27:44,18.62,credit_card
biz_0109-003848,2024-11-11 14:30:02,47.91,mada
biz_0109-003876,2024-11-11 14:45:12,42.7,cash
biz_0109-003883,2024-11-11 14:46:19,28.34,mada
biz_0109-003875,2024-11-11 14:49:04,36.83,mada
biz_0109-003890,2024-11-11 14:54:51,37.01,cash
biz_0109-003897,2024-11-11 14:58:06,44.36,credit_card
biz_0109-003859,2024-11-11 15:03:04,12.16,cash
biz_0109-003866,2024-11-11 15:03:11,10.14,mada
biz_0109-003873,2024-11-11 15:07:27,26.21,mada
biz_0109-003916,2024-11-11 15:22:46,20.78,mada
biz_0109-003887,2024-11-11 15:30:00,83.44,cash
biz_0109-003870,2024-11-11 15:43:52,21.02,cash
biz_0109-003914,2024-11-11 15:49:21,35.21,mada
biz_0109-003910,2024-11-11 16:05:11,28.52,mada
biz_0109-003865,2024-11-11 16:34:55,38.04,mada
biz_0109-003936,2024-11-11 16:36:00,32.54,mada
biz_0109-003896,2024-11-11 16:49:35,30.14,cash
biz_0109-003912,2024-11-11 16:59:05,45.02,credit_card
biz_0109-003894,2024-11-11 17:04:44,8.72,mada
biz_0109-003895,2024-11-11 17:17:10,24.74,mada
biz_0109-003922,2024-11-11 17:19:00,23.48,cash
biz_0109-003932,2024-11-11 17:23:51,17.57,mada
biz_0109-003864,2024-11-11 17:26:28,11.66,cash
biz_0109-003857,2024-11-11 17:47:16,39.88,mada
biz_0109-003867,2024-11-11 17:53:49,12.51,mada
biz_0109-003888,2024-11-11 18:12:50,40.25,cash
biz_0109-003917,2024-11-11 18:56:54,26.07,mada
biz_0109-003903,2024-11-11 19:10:22,59.51,cash
biz_0109-003889,2024-11-11 19:10:50,34.32,mada
biz_0109-003928,2024-11-11 19:17:30,17.56,mada
biz_0109-003885,2024-11-11 20:21:38,19.85,mada
biz_0109-003929,2024-11-11 20:48:35,17.02,cash
biz_0109-003915,2024-11-11 20:57:04,24.84,mada
biz_0109-003855,2024-11-11 21:02:03,34.14,mada
biz_0109-003919,2024-11-11 22:39:20,19.36,mada
biz_0109-003973,2024-11-12 06:21:12,25.49,credit_card
biz_0109-003957,2024-11-12 07:14:42,14.91,mada
biz_0109-003969,2024-11-12 07:21:05,18.11,mada
biz_0109-004001,2024-11-12 07:22:40,59.57,mada
biz_0109-003985,2024-11-12 07:29:19,27.46,mada
biz_0109-003998,2024-11-12 07:36:55,21.82,mada
biz_0109-003972,2024-11-12 07:37:50,42.9,mada
biz_0109-003961,2024-11-12 07:38:02,21.96,credit_card
biz_0109-003980,2024-11-12 07:53:59,10.65,mada
biz_0109-003960,2024-11-12 07:54:17,21.01,mada
biz_0109-003966,2024-11-12 07:57:48,42.91,mada
biz_0109-003971,2024-11-12 08:06:34,14.11,credit_card
biz_0109-004019,2024-11-12 08:11:28,28.18,mada
biz_0109-004032,2024-11-12 08:14:48,29.47,mada
biz_0109-003990,2024-11-12 08:19:37,23.36,mada
biz_0109-004023,2024-11-12 08:22:54,20.74,credit_card
biz_0109-003994,2024-11-12 08:35:16,42.27,cash
biz_0109-003993,2024-11-12 08:36:46,33.75,mada
biz_0109-003970,2024-11-12 08:38:23,53.14,mada
biz_0109-004002,2024-11-12 08:48:12,94.21,credit_card
biz_0109-003976,2024-11-12 08:50:21,19.38,mada
biz_0109-003995,2024-11-12 09:00:55,27.14,mada
biz_0109-004027,2024-11-12 09:11:39,35.2,mada
biz_0109-003945,2024-11-12 09:19:50,59.0,credit_card
biz_0109-003952,2024-11-12 09:21:29,35.48,cash
biz_0109-003963,2024-11-12 09:23:11,41.78,mada
biz_0109-003977,2024-11-12 09:23:39,50.69,credit_card
biz_0109-003948,2024-11-12 09:28:26,38.55,mada
biz_0109-004018,2024-11-12 09:48:15,24.72,mada
biz_0109-004034,2024-11-12 09:54:06,19.94,credit_card
biz_0109-004015,2024-11-12 09:57:14,11.39,mada
biz_0109-004013,2024-11-12 09:58:50,55.9,mada
biz_0109-003954,2024-11-12 10:22:43,29.27,mada
biz_0109-003951,2024-11-12 10:23:22,23.29,credit_card
biz_0109-003987,2024-11-12 10:44:31,73.84,mada
biz_0109-004028,2024-11-12 10:46:51,28.48,mada
biz_0109-004037,2024-11-12 11:06:44,54.75,mada
biz_0109-003991,2024-11-12 11:08:31,47.88,credit_card
biz_0109-004033,2024-11-12 11:12:08,21.5,mada
biz_0109-003981,2024-11-12 11:29:08,13.46,mada
biz_0109-004008,2024-11-12 11:32:30,43.1,mada
biz_0109-004024,2024-11-12 12:07:58,22.79,mada
biz_0109-004000,2024-11-12 12:08:52,27.66,mada
biz_0109-003978,2024-11-12 12:09:34,23.61,mada
biz_0109-003982,2024-11-12 12:11:46,30.19,mada
biz_0109-004030,2024-11-12 12:12:04,27.47,mada
biz_0109-004021,2024-11-12 12:14:38,66.97,mada
biz_0109-003942,2024-11-12 12:26:38,30.75,mada
biz_0109-004025,2024-11-12 12:27:53,78.92,mada
biz_0109-003941,2024-11-12 12:29:31,30.31,mada
biz_0109-004035,2024-11-12 12:31:04,11.13,mada
biz_0109-004022,2024-11-12 12:36:31,18.96,mada
biz_0109-003964,2024-11-12 12:46:04,34.08,mada
biz_0109-003940,2024-11-12 12:47:22,24.04,mada
biz_0109-004011,2024-11-12 13:02:23,68.54,mada
biz_0109-003968,2024-11-12 13:04:50,42.07,mada
biz_0109-003939,2024-11-12 13:05:31,47.28,mada
biz_0109-004010,2024-11-12 13:08:57,21.24,mada
biz_0109-003983,2024-11-12 13:10:29,45.6,mada
biz_0109-003958,2024-11-12 13:18:39,12.1,cash
biz_0109-003946,2024-11-12 13:20:44,36.97,cash
biz_0109-004038,2024-11-12 13:27:47,14.32,credit_card
biz_0109-004006,2024-11-12 13:27:52,31.61,cash
biz_0109-004029,2024-11-12 13:33:03,32.5,mada
biz_0109-004009,2024-11-12 13:35:55,35.56,mada
biz_0109-003988,2024-11-12 13:51:06,17.79,mada
biz_0109-004005,2024-11-12 13:53:20,20.11,mada
biz_0109-004039,2024-11-12 13:55:41,46.09,credit_card
biz_0109-004017,2024-11-12 14:04:15,6.9,mada
biz_0109-004014,2024-11-12 14:16:15,40.04,mada
biz_0109-004003,2024-11-12 14:17:07,28.12,cash
biz_0109-003996,2024-11-12 14:17:56,31.64,mada
biz_0109-003965,2024-11-12 14:23:09,27.39,mada
biz_0109-003959,2024-11-12 14:40:20,26.87,cash
biz_0109-004040,2024-11-12 14:48:55,24.06,cash
biz_0109-003975,2024-11-12 15:47:12,71.64,mada
biz_0109-003944,2024-11-12 16:05:05,26.04,mada
biz_0109-004036,2024-11-12 16:05:10,63.14,mada
biz_0109-003955,2024-11-12 16:19:35,32.82,mada
biz_0109-003986,2024-11-12 16:36:41,25.52,mada
biz_0109-003989,2024-11-12 16:40:48,10.89,mada
biz_0109-004007,2024-11-12 16:45:02,29.9,mada
biz_0109-003999,2024-11-12 16:46:29,23.25,mada
biz_0109-003943,2024-11-12 16:47:56,21.54,mada
biz_0109-003953,2024-11-12 16:49:04,49.23,mada
biz_0109-003992,2024-11-12 16:53:18,34.02,cash
biz_0109-004016,2024-11-12 17:02:28,16.44,mada
biz_0109-003956,2024-11-12 17:18:24,16.04,mada
biz_0109-003938,2024-11-12 17:22:08,21.48,mada
biz_0109-003937,2024-11-12 17:29:37,29.46,mada
biz_0109-004020,2024-11-12 17:31:11,14.95,mada
biz_0109-003949,2024-11-12 17:37:07,27.41,mada
biz_0109-003997,2024-11-12 17:43:52,24.66,mada
biz_0109-003979,2024-11-12 17:48:05,18.47,mada
biz_0109-003947,2024-11-12 17:48:54,33.27,mada
biz_0109-004026,2024-11-12 17:57:04,32.64,credit_card
biz_0109-003974,2024-11-12 18:07:41,28.08,mada
biz_0109-003950,2024-11-12 18:25:34,24.88,cash
biz_0109-003984,2024-11-12 18:44:06,29.67,mada
biz_0109-004031,2024-11-12 18:57:35,19.32,cash
biz_0109-003962,2024-11-12 19:16:23,30.0,cash
biz_0109-004012,2024-11-12 20:42:26,26.03,credit_card
biz_0109-004004,2024-11-12 20:46:21,29.06,mada
biz_0109-003967,2024-11-12 20:50:58,37.21,cash
biz_0109-004044,2024-11-13 06:28:04,65.19,mada
biz_0109-004100,2024-11-13 07:03:13,26.12,mada
biz_0109-004078,2024-11-13 07:22:39,24.2,mada
biz_0109-004081,2024-11-13 07:26:42,42.2,mada
biz_0109-004115,2024-11-13 07:44:34,20.54,cash
biz_0109-004099,2024-11-13 07:45:32,21.34,credit_card
biz_0109-004113,2024-11-13 07:47:46,37.1,mada
biz_0109-004064,2024-11-13 07:56:59,65.83,mada
biz_0109-004065,2024-11-13 08:00:42,23.16,mada
biz_0109-004059,2024-11-13 08:08:17,25.4,mada
biz_0109-004071,2024-11-13 08:09:51,20.48,mada
biz_0109-004084,2024-11-13 08:11:13,19.81,mada
biz_0109-004138,2024-11-13 08:14:33,41.02,cash
biz_0109-004061,2024-11-13 08:15:09,30.18,mada
biz_0109-004053,2024-11-13 08:32:15,21.95,mada
biz_0109-004042,2024-11-13 08:33:15,19.89,mada
biz_0109-004105,2024-11-13 08:42:50,27.56,mada
biz_0109-004074,2024-11-13 08:43:03,26.01,credit_card
biz_0109-004050,2024-11-13 08:43:41,21.51,mada
biz_0109-004104,2024-11-13 08:48:11,22.31,mada
biz_0109-004101,2024-11-13 08:48:46,45.83,mada
biz_0109-004093,2024-11-13 08:55:35,13.22,mada
biz_0109-004057,2024-11-13 09:01:36,33.17,mada
biz_0109-004132,2024-11-13 09:10:47,31.69,mada
biz_0109-004097,2024-11-13 09:19:51,16.6,cash
biz_0109-004131,2024-11-13 09:23:54,41.08,credit_card
biz_0109-004043,2024-11-13 09:29:50,26.05,credit_card
biz_0109-004058,2024-11-13 09:32:59,22.62,mada
biz_0109-004089,2024-11-13 09:39:52,35.74,credit_card
biz_0109-004112,2024-11-13 09:43:03,39.07,mada
biz_0109-004095,2024-11-13 09:45:29,34.08,mada
biz_0109-004060,2024-11-13 09:48:16,19.46,mada
biz_0109-004051,2024-11-13 09:48:18,27.2,cash
biz_0109-004085,2024-11-13 09:49:19,54.03,credit_card
biz_0109-004143,2024-11-13 09:52:47,21.5,mada
biz_0109-004049,2024-11-13 09:56:43,26.22,mada
biz_0109-004108,2024-11-13 10:00:05,23.09,mada
biz_0109-004102,2024-11-13 10:09:30,18.84,credit_card
biz_0109-004116,2024-11-13 10:20:21,20.0,mada
biz_0109-004142,2024-11-13 10:32:50,16.89,cash
biz_0109-004151,2024-11-13 10:38:44,27.46,credit_card
biz_0109-004118,2024-11-13 10:47:14,25.38,credit_card
biz_0109-004066,2024-11-13 10:51:42,26.61,mada
biz_0109-004091,2024-11-13 11:30:52,44.1,mada
biz_0109-004117,2024-11-13 11:36:25,26.53,cash
biz_0109-004107,2024-11-13 12:03:54,17.17,mada
biz_0109-004121,2024-11-13 12:05:28,87.5,credit_card
biz_0109-004045,2024-11-13 12:25:10,12.77,cash
biz_0109-004140,2024-11-13 12:31:27,46.19,mada
biz_0109-004087,2024-11-13 12:34:20,95.35,mada
biz_0109-004047,2024-11-13 12:42:35,21.71,mada
biz_0109-004144,2024-11-13 12:51:10,33.04,cash
biz_0109-004077,2024-11-13 13:04:29,36.15,mada
biz_0109-004119,2024-11-13 13:09:44,18.73,cash
biz_0109-004041,2024-11-13 13:10:27,33.99,mada
biz_0109-004130,2024-11-13 13:16:44,15.1,cash
biz_0109-004141,2024-11-13 13:19:06,24.61,cash
biz_0109-004062,2024-11-13 13:26:48,21.27,credit_card
biz_0109-004063,2024-11-13 13:27:53,50.36,cash
biz_0109-004056,2024-11-13 13:30:14,32.17,mada
biz_0109-004127,2024-11-13 13:32:18,27.87,cash
biz_0109-004090,2024-11-13 13:33:19,58.71,mada
biz_0109-004134,2024-11-13 13:37:16,20.39,mada
biz_0109-004148,2024-11-13 13:44:18,39.63,mada
biz_0109-004125,2024-11-13 13:50:22,40.82,cash
biz_0109-004072,2024-11-13 13:57:17,38.24,mada
biz_0109-004070,2024-11-13 13:58:08,40.27,mada
biz_0109-004092,2024-11-13 13:58:23,27.65,cash
biz_0109-004154,2024-11-13 13:59:44,31.12,mada
biz_0109-004068,2024-11-13 14:08:45,26.05,mada
biz_0109-004073,2024-11-13 14:09:28,30.24,credit_card
biz_0109-004083,2024-11-13 14:11:09,24.97,cash
biz_0109-004052,2024-11-13 14:18:19,29.78,credit_card
biz_0109-004110,2024-11-13 14:24:01,39.82,mada
biz_0109-004129,2024-11-13 14:25:55,27.43,mada
biz_0109-004153,2024-11-13 14:33:57,55.43,cash
biz_0109-004067,2024-11-13 14:47:11,32.45,mada
biz_0109-004150,2024-11-13 15:05:42,20.89,mada
biz_0109-004133,2024-11-13 15:12:16,19.9,mada
biz_0109-004155,2024-11-13 15:44:39,14.01,mada
biz_0109-004088,2024-11-13 15:55:27,30.52,cash
biz_0109-004075,2024-11-13 15:58:59,34.27,mada
biz_0109-004136,2024-11-13 16:00:11,21.61,cash
biz_0109-004152,2024-11-13 16:04:09,22.59,credit_card
biz_0109-004139,2024-11-13 16:04:49,16.07,mada
biz_0109-004120,2024-11-13 16:09:47,20.77,credit_card
biz_0109-004135,2024-11-13 16:21:25,13.68,cash
biz_0109-004109,2024-11-13 16:25:02,19.21,mada
biz_0109-004156,2024-11-13 16:27:38,59.12,cash
biz_0109-004096,2024-11-13 16:33:52,16.58,mada
biz_0109-004106,2024-11-13 16:38:01,36.8,mada
biz_0109-004048,2024-11-13 16:51:36,52.17,credit_card
biz_0109-004069,2024-11-13 16:52:38,12.49,cash
biz_0109-004086,2024-11-13 17:01:40,47.14,mada
biz_0109-004147,2024-11-13 17:11:50,16.24,cash
biz_0109-004123,2024-11-13 17:38:28,47.5,mada
biz_0109-004124,2024-11-13 17:43:39,11.03,credit_card
biz_0109-004111,2024-11-13 17:46:54,13.95,mada
biz_0109-004149,2024-11-13 17:48:44,16.65,mada
biz_0109-004114,2024-11-13 18:05:40,48.66,mada
biz_0109-004122,2024-11-13 18:06:30,39.98,cash
biz_0109-004080,2024-11-13 18:28:32,29.17,cash
biz_0109-004054,2024-11-13 18:34:19,17.57,mada
biz_0109-004094,2024-11-13 18:40:13,24.02,mada
biz_0109-004103,2024-11-13 18:47:18,11.97,mada
biz_0109-004145,2024-11-13 18:50:46,47.99,mada
biz_0109-004098,2024-11-13 18:53:56,36.51,cash
biz_0109-004137,2024-11-13 19:06:59,46.11,mada
biz_0109-004079,2024-11-13 19:17:19,34.19,credit_card
biz_0109-004128,2024-11-13 19:27:35,31.33,cash
biz_0109-004146,2024-11-13 19:46:13,87.68,credit_card
biz_0109-004126,2024-11-13 20:52:50,15.05,credit_card
biz_0109-004157,2024-11-13 21:12:17,45.15,cash
biz_0109-004055,2024-11-13 21:15:38,29.16,credit_card
biz_0109-004076,2024-11-13 21:16:49,20.6,mada
biz_0109-004046,2024-11-13 22:27:29,10.97,cash
biz_0109-004082,2024-11-13 23:56:03,52.79,mada
biz_0109-004233,2024-11-14 07:03:45,18.64,mada
biz_0109-004179,2024-11-14 07:10:53,30.44,mada
biz_0109-004231,2024-11-14 07:13:56,35.48,mada
biz_0109-004181,2024-11-14 07:14:41,33.41,credit_card
biz_0109-004222,2024-11-14 07:21:56,24.26,cash
biz_0109-004244,2024-11-14 07:25:13,21.76,mada
biz_0109-004219,2024-11-14 07:36:32,90.46,cash
biz_0109-004161,2024-11-14 07:46:30,14.65,mada
biz_0109-004220,2024-11-14 07:50:32,43.15,mada
biz_0109-004184,2024-11-14 08:05:49,21.96,mada
biz_0109-004198,2024-11-14 08:13:41,26.92,credit_card
biz_0109-004240,2024-11-14 08:15:58,37.51,mada
biz_0109-004209,2024-11-14 08:19:44,24.78,mada
biz_0109-004178,2024-11-14 08:21:05,13.3,cash
biz_0109-004159,2024-11-14 08:40:16,23.26,mada
biz_0109-004216,2024-11-14 08:40:57,18.08,credit_card
biz_0109-004227,2024-11-14 08:57:33,49.32,mada
biz_0109-004230,2024-11-14 08:58:00,14.94,mada
biz_0109-004187,2024-11-14 09:13:40,22.4,mada
biz_0109-004182,2024-11-14 09:21:16,13.84,mada
biz_0109-004189,2024-11-14 09:31:59,27.81,mada
biz_0109-004241,2024-11-14 09:48:14,24.83,mada
biz_0109-004170,2024-11-14 09:51:54,7.77,mada
biz_0109-004202,2024-11-14 09:53:58,74.93,mada
biz_0109-004171,2024-11-14 10:15:51,23.12,mada
biz_0109-004237,2024-11-14 10:16:52,36.52,cash
biz_0109-004238,2024-11-14 10:41:31,25.11,mada
biz_0109-004234,2024-11-14 10:51:08,10.05,mada
biz_0109-004169,2024-11-14 10:56:49,30.28,mada
biz_0109-004210,2024-11-14 10:58:08,18.53,cash
biz_0109-004167,2024-11-14 11:33:30,42.29,cash
biz_0109-004163,2024-11-14 11:47:04,17.11,credit_card
biz_0109-004224,2024-11-14 11:48:40,28.0,cash
biz_0109-004193,2024-11-14 11:49:42,8.42,cash
biz_0109-004158,2024-11-14 12:25:15,27.51,mada
biz_0109-004218,2024-11-14 12:29:45,13.91,mada
biz_0109-004228,2024-11-14 12:48:33,40.78,credit_card
biz_0109-004229,2024-11-14 12:57:39,31.31,mada
biz_0109-004162,2024-11-14 13:02:25,50.97,mada
biz_0109-004196,2024-11-14 13:03:57,28.1,mada
biz_0109-004175,2024-11-14 13:07:36,64.28,mada
biz_0109-004207,2024-11-14 13:22:10,25.64,mada
biz_0109-004236,2024-11-14 13:25:04,32.63,mada
biz_0109-004188,2024-11-14 13:32:10,44.08,mada
biz_0109-004208,2024-11-14 13:33:16,18.93,mada
biz_0109-004173,2024-11-14 13:38:41,19.27,credit_card
biz_0109-004183,2024-11-14 13:40:38,27.01,mada
biz_0109-004217,2024-11-14 13:52:08,58.53,cash
biz_0109-004186,2024-11-14 13:57:57,29.07,mada
biz_0109-004242,2024-11-14 13:58:38,37.98,mada
biz_0109-004164,2024-11-14 14:06:45,59.84,credit_card
biz_0109-004212,2024-11-14 14:15:42,44.97,mada
biz_0109-004214,2024-11-14 14:25:26,32.28,mada
biz_0109-004190,2024-11-14 14:40:11,52.88,cash
biz_0109-004166,2024-11-14 14:40:35,31.52,mada
biz_0109-004176,2024-11-14 14:54:12,77.96,mada
biz_0109-004225,2024-11-14 15:11:03,15.41,mada
biz_0109-004160,2024-11-14 15:12:45,25.97,mada
biz_0109-004199,2024-11-14 15:18:12,13.91,mada
biz_0109-004235,2024-11-14 15:40:04,16.06,cash
biz_0109-004221,2024-11-14 15:42:36,35.66,mada
biz_0109-004204,2024-11-14 15:46:36,12.23,mada
biz_0109-004191,2024-11-14 15:52:20,37.01,mada
biz_0109-004172,2024-11-14 16:14:58,36.73,cash
biz_0109-004177,2024-11-14 16:15:52,23.73,credit_card
biz_0109-004200,2024-11-14 16:16:54,43.91,cash
biz_0109-004201,2024-11-14 16:17:47,27.37,cash
biz_0109-004245,2024-11-14 16:17:52,16.52,mada
biz_0109-004185,2024-11-14 16:28:28,24.06,cash
biz_0109-004203,2024-11-14 16:40:05,30.44,mada
biz_0109-004243,2024-11-14 16:54:23,32.86,credit_card
biz_0109-004211,2024-11-14 16:59:47,18.84,credit_card
biz_0109-004197,2024-11-14 17:01:33,31.92,mada
biz_0109-004174,2024-11-14 17:09:22,42.13,mada
biz_0109-004168,2024-11-14 17:15:53,14.06,mada
biz_0109-004205,2024-11-14 17:18:30,22.57,cash
biz_0109-004194,2024-11-14 17:31:40,35.98,cash
biz_0109-004195,2024-11-14 17:49:44,22.45,mada
biz_0109-004213,2024-11-14 17:57:00,31.88,mada
biz_0109-004180,2024-11-14 18:13:59,66.55,mada
biz_0109-004215,2024-11-14 18:15:26,21.23,mada
biz_0109-004226,2024-11-14 18:20:06,38.35,mada
biz_0109-004239,2024-11-14 19:19:26,20.52,mada
biz_0109-004232,2024-11-14 19:23:44,48.55,cash
biz_0109-004192,2024-11-14 19:59:20,28.09,mada
biz_0109-004206,2024-11-14 20:23:16,27.73,cash
biz_0109-004223,2024-11-14 20:25:28,26.06,mada
biz_0109-004165,2024-11-14 23:42:42,25.5,cash
biz_0109-004261,2024-11-15 00:06:20,25.06,mada
biz_0109-004299,2024-11-15 07:00:25,25.0,mada
biz_0109-004264,2024-11-15 07:01:37,24.86,mada
biz_0109-004249,2024-11-15 07:03:58,49.91,mada
biz_0109-004308,2024-11-15 07:09:44,31.05,credit_card
biz_0109-004275,2024-11-15 07:19:08,42.14,mada
biz_0109-004296,2024-11-15 07:20:12,32.95,credit_card
biz_0109-004247,2024-11-15 07:23:35,13.84,mada
biz_0109-004282,2024-11-15 07:30:36,25.99,mada
biz_0109-004301,2024-11-15 07:54:46,37.06,cash
biz_0109-004307,2024-11-15 08:04:22,27.89,mada
biz_0109-004269,2024-11-15 08:19:59,27.85,cash
biz_0109-004302,2024-11-15 08:21:22,17.32,cash
biz_0109-004254,2024-11-15 08:28:20,38.26,mada
biz_0109-004284,2024-11-15 08:59:25,34.58,mada
biz_0109-004277,2024-11-15 09:14:05,38.44,mada
biz_0109-004304,2024-11-15 09:21:20,14.86,cash
biz_0109-004272,2024-11-15 09:26:34,28.92,mada
biz_0109-004280,2024-11-15 09:37:55,31.42,mada
biz_0109-004313,2024-11-15 09:43:59,38.79,mada
biz_0109-004286,2024-11-15 09:48:14,22.12,credit_card
biz_0109-004262,2024-11-15 09:58:33,20.3,credit_card
biz_0109-004281,2024-11-15 10:17:19,20.42,credit_card
biz_0109-004263,2024-11-15 10:29:38,12.95,mada
biz_0109-004270,2024-11-15 11:01:58,41.03,mada
biz_0109-004295,2024-11-15 11:34:04,35.78,mada
biz_0109-004251,2024-11-15 11:36:36,46.15,mada
biz_0109-004248,2024-11-15 11:50:00,22.67,mada
biz_0109-004287,2024-11-15 12:07:46,31.09,mada
biz_0109-004292,2024-11-15 12:16:11,15.58,credit_card
biz_0109-004309,2024-11-15 12:20:12,32.88,mada
biz_0109-004250,2024-11-15 12:35:36,39.15,mada
biz_0109-004271,2024-11-15 12:36:01,27.71,cash
biz_0109-004279,2024-11-15 12:41:02,48.8,cash
biz_0109-004289,2024-11-15 13:02:53,12.63,mada
biz_0109-004253,2024-11-15 13:13:17,23.71,mada
biz_0109-004293,2024-11-15 13:17:05,37.84,mada
biz_0109-004259,2024-11-15 13:19:29,29.6,cash
biz_0109-004276,2024-11-15 13:23:55,44.67,mada
biz_0109-004303,2024-11-15 13:30:55,16.97,mada
biz_0109-004306,2024-11-15 13:31:34,16.34,mada
biz_0109-004305,2024-11-15 13:48:02,29.15,mada
biz_0109-004310,2024-11-15 13:59:01,22.92,cash
biz_0109-004298,2024-11-15 13:59:19,26.37,mada
biz_0109-004294,2024-11-15 14:12:39,20.18,mada
biz_0109-004258,2024-11-15 14:45:21,26.22,cash
biz_0109-004268,2024-11-15 14:45:42,30.98,mada
biz_0109-004274,2024-11-15 15:19:00,47.25,mada
biz_0109-004265,2024-11-15 15:22:31,10.76,cash
biz_0109-004267,2024-11-15 15:33:23,27.01,cash
biz_0109-004311,2024-11-15 15:37:19,29.04,credit_card
biz_0109-004312,2024-11-15 15:40:46,41.83,mada
biz_0109-004273,2024-11-15 15:46:13,16.45,mada
biz_0109-004300,2024-11-15 15:55:19,56.87,mada
biz_0109-004278,2024-11-15 16:09:08,32.2,mada
biz_0109-004291,2024-11-15 16:11:03,40.52,mada
biz_0109-004314,2024-11-15 16:14:05,35.88,credit_card
biz_0109-004252,2024-11-15 16:28:19,29.56,mada
biz_0109-004288,2024-11-15 16:43:28,22.27,mada
biz_0109-004315,2024-11-15 16:58:23,32.68,cash
biz_0109-004256,2024-11-15 17:29:32,31.11,mada
biz_0109-004266,2024-11-15 17:33:22,24.19,mada
biz_0109-004297,2024-11-15 17:49:30,48.05,credit_card
biz_0109-004257,2024-11-15 18:11:40,17.23,mada
biz_0109-004285,2024-11-15 18:20:53,58.48,mada
biz_0109-004246,2024-11-15 18:27:51,34.35,mada
biz_0109-004255,2024-11-15 18:39:25,38.34,cash
biz_0109-004290,2024-11-15 19:17:15,47.32,mada
biz_0109-004283,2024-11-15 19:32:22,41.1,mada
biz_0109-004260,2024-11-15 19:37:14,55.74,mada
biz_0109-004354,2024-11-16 06:22:45,26.7,cash
biz_0109-004327,2024-11-16 06:54:47,36.62,cash
biz_0109-004357,2024-11-16 07:06:19,14.03,credit_card
biz_0109-004423,2024-11-16 07:27:48,13.74,mada
biz_0109-004377,2024-11-16 07:41:47,63.07,mada
biz_0109-004344,2024-11-16 07:43:30,25.08,mada
biz_0109-004417,2024-11-16 07:46:26,38.02,mada
biz_0109-004361,2024-11-16 07:49:23,23.73,credit_card
biz_0109-004428,2024-11-16 08:03:06,22.39,mada
biz_0109-004433,2024-11-16 08:07:58,22.66,mada
biz_0109-004366,2024-11-16 08:19:58,25.32,cash
biz_0109-004381,2024-11-16 08:22:56,19.61,cash
biz_0109-004434,2024-11-16 08:27:48,18.14,mada
biz_0109-004374,2024-11-16 08:28:16,13.91,mada
biz_0109-004347,2024-11-16 08:33:49,47.66,cash
biz_0109-004372,2024-11-16 08:33:55,24.69,mada
biz_0109-004348,2024-11-16 08:34:45,21.54,mada
biz_0109-004406,2024-11-16 08:35:21,20.92,credit_card
biz_0109-004380,2024-11-16 08:37:23,16.54,mada
biz_0109-004373,2024-11-16 08:40:53,32.22,mada
biz_0109-004368,2024-11-16 08:42:43,33.72,mada
biz_0109-004395,2024-11-16 08:48:09,18.34,cash
biz_0109-004431,2024-11-16 08:48:44,13.21,mada
biz_0109-004391,2024-11-16 08:51:27,24.05,credit_card
biz_0109-004379,2024-11-16 08:56:55,53.5,mada
biz_0109-004416,2024-11-16 08:58:02,49.15,credit_card
biz_0109-004387,2024-11-16 09:12:11,28.59,mada
biz_0109-004329,2024-11-16 09:15:58,9.39,credit_card
biz_0109-004359,2024-11-16 09:16:29,33.6,credit_card
biz_0109-004382,2024-11-16 09:18:42,18.5,cash
biz_0109-004321,2024-11-16 09:19:12,47.52,mada
biz_0109-004349,2024-11-16 09:19:14,33.39,mada
biz_0109-004405,2024-11-16 09:21:04,48.39,mada
biz_0109-004343,2024-11-16 09:28:15,15.55,mada
biz_0109-004317,2024-11-16 09:35:46,29.36,credit_card
biz_0109-004362,2024-11-16 09:39:15,42.08,mada
biz_0109-004353,2024-11-16 09:48:13,27.77,mada
biz_0109-004429,2024-11-16 10:12:31,46.34,credit_card
biz_0109-004410,2024-11-16 10:24:58,45.98,mada
biz_0109-004318,2024-11-16 10:36:21,36.33,cash
biz_0109-004378,2024-11-16 10:41:12,19.67,mada
biz_0109-004389,2024-11-16 10:53:39,46.02,mada
biz_0109-004386,2024-11-16 10:54:25,28.91,mada
biz_0109-004399,2024-11-16 10:55:41,16.63,mada
biz_0109-004352,2024-11-16 10:56:49,49.95,mada
biz_0109-004337,2024-11-16 11:19:17,97.73,mada
biz_0109-004396,2024-11-16 11:28:53,28.79,mada
biz_0109-004430,2024-11-16 11:31:00,19.4,mada
biz_0109-004367,2024-11-16 11:38:57,14.75,mada
biz_0109-004339,2024-11-16 11:53:28,20.83,cash
biz_0109-004358,2024-11-16 12:05:04,23.44,mada
biz_0109-004432,2024-11-16 12:06:39,51.76,cash
biz_0109-004383,2024-11-16 12:09:02,23.51,mada
biz_0109-004402,2024-11-16 12:13:22,28.74,credit_card
biz_0109-004412,2024-11-16 12:17:30,30.43,cash
biz_0109-004420,2024-11-16 12:21:53,35.23,mada
biz_0109-004323,2024-11-16 12:26:00,32.47,mada
biz_0109-004426,2024-11-16 12:31:23,32.43,credit_card
biz_0109-004316,2024-11-16 12:42:18,48.58,cash
biz_0109-004384,2024-11-16 12:42:32,26.9,mada
biz_0109-004338,2024-11-16 13:00:21,34.21,cash
biz_0109-004325,2024-11-16 13:02:57,60.75,mada
biz_0109-004351,2024-11-16 13:09:10,17.59,mada
biz_0109-004333,2024-11-16 13:12:52,23.86,mada
biz_0109-004419,2024-11-16 13:22:42,39.57,credit_card
biz_0109-004356,2024-11-16 13:36:06,47.01,credit_card
biz_0109-004409,2024-11-16 13:37:55,14.95,mada
biz_0109-004332,2024-11-16 13:39:52,31.25,mada
biz_0109-004328,2024-11-16 13:43:55,30.19,mada
biz_0109-004375,2024-11-16 13:45:03,7.28,mada
biz_0109-004404,2024-11-16 13:54:48,74.09,credit_card
biz_0109-004418,2024-11-16 13:56:52,41.12,mada
biz_0109-004340,2024-11-16 14:07:59,52.71,mada
biz_0109-004324,2024-11-16 14:10:35,88.18,mada
biz_0109-004408,2024-11-16 14:15:33,17.91,mada
biz_0109-004334,2024-11-16 14:21:49,55.03,credit_card
biz_0109-004437,2024-11-16 14:28:41,12.21,mada
biz_0109-004365,2024-11-16 14:29:02,33.26,mada
biz_0109-004320,2024-11-16 14:32:29,23.0,mada
biz_0109-004390,2024-11-16 14:38:10,12.48,mada
biz_0109-004407,2024-11-16 14:40:29,24.7,mada
biz_0109-004370,2024-11-16 14:49:01,22.75,mada
biz_0109-004414,2024-11-16 14:52:26,29.34,mada
biz_0109-004411,2024-11-16 14:56:47,35.55,cash
biz_0109-004363,2024-11-16 14:58:27,27.05,mada
biz_0109-004400,2024-11-16 15:00:48,23.83,mada
biz_0109-004350,2024-11-16 15:03:05,23.66,mada
biz_0109-004397,2024-11-16 15:14:56,34.78,cash
biz_0109-004346,2024-11-16 15:19:44,24.62,cash
biz_0109-004335,2024-11-16 15:46:50,19.99,mada
biz_0109-004342,2024-11-16 16:05:27,19.97,mada
biz_0109-004398,2024-11-16 16:07:33,17.25,mada
biz_0109-004360,2024-11-16 16:07:54,24.14,cash
biz_0109-004364,2024-11-16 16:11:49,31.19,credit_card
biz_0109-004376,2024-11-16 17:06:47,23.86,mada
biz_0109-004385,2024-11-16 17:07:17,24.15,credit_card
biz_0109-004413,2024-11-16 17:07:54,44.23,mada
biz_0109-004425,2024-11-16 17:10:45,20.08,cash
biz_0109-004427,2024-11-16 17:12:28,35.45,cash
biz_0109-004330,2024-11-16 17:20:49,30.9,credit_card
biz_0109-004369,2024-11-16 17:23:34,36.99,mada
biz_0109-004394,2024-11-16 17:24:45,16.55,cash
biz_0109-004401,2024-11-16 17:24:57,28.37,mada
biz_0109-004336,2024-11-16 17:38:52,23.03,mada
biz_0109-004415,2024-11-16 17:39:40,24.72,cash
biz_0109-004393,2024-11-16 17:44:13,54.92,credit_card
biz_0109-004326,2024-11-16 17:55:07,17.24,credit_card
biz_0109-004421,2024-11-16 18:01:52,23.65,mada
biz_0109-004319,2024-11-16 18:02:50,15.52,cash
biz_0109-004436,2024-11-16 18:04:42,36.5,mada
biz_0109-004422,2024-11-16 18:08:35,44.83,mada
biz_0109-004392,2024-11-16 18:09:07,40.83,cash
biz_0109-004403,2024-11-16 18:13:06,35.61,mada
biz_0109-004435,2024-11-16 18:17:21,45.3,mada
biz_0109-004424,2024-11-16 18:27:17,31.09,mada
biz_0109-004322,2024-11-16 18:27:53,25.61,cash
biz_0109-004345,2024-11-16 18:43:12,17.93,mada
biz_0109-004388,2024-11-16 18:43:23,65.79,cash
biz_0109-004331,2024-11-16 18:51:53,30.59,mada
biz_0109-004355,2024-11-16 19:15:43,24.91,mada
biz_0109-004341,2024-11-16 19:54:22,24.69,mada
biz_0109-004371,2024-11-16 21:16:15,26.56,credit_card
biz_0109-004439,2024-11-17 06:41:30,33.55,mada
biz_0109-004499,2024-11-17 06:44:18,13.65,mada
biz_0109-004471,2024-11-17 07:01:23,13.18,mada
biz_0109-004490,2024-11-17 07:08:29,24.84,credit_card
biz_0109-004513,2024-11-17 07:24:04,39.93,credit_card
biz_0109-004520,2024-11-17 07:31:43,66.06,credit_card
biz_0109-004463,2024-11-17 07:47:24,57.0,mada
biz_0109-004479,2024-11-17 07:55:00,25.1,mada
biz_0109-004492,2024-11-17 08:00:12,50.07,mada
biz_0109-004502,2024-11-17 08:01:09,39.67,mada
biz_0109-004476,2024-11-17 08:01:32,21.57,mada
biz_0109-004485,2024-11-17 08:05:31,15.26,cash
biz_0109-004441,2024-11-17 08:10:03,20.8,cash
biz_0109-004442,2024-11-17 08:17:58,26.78,mada
biz_0109-004478,2024-11-17 08:18:51,27.42,mada
biz_0109-004497,2024-11-17 08:19:47,25.56,mada
biz_0109-004506,2024-11-17 08:34:11,56.21,mada
biz_0109-004537,2024-11-17 08:38:08,29.96,credit_card
biz_0109-004469,2024-11-17 08:41:42,34.71,mada
biz_0109-004517,2024-11-17 08:43:49,57.86,cash
biz_0109-004538,2024-11-17 08:45:07,25.81,credit_card
biz_0109-004446,2024-11-17 08:46:24,53.68,credit_card
biz_0109-004531,2024-11-17 08:46:32,35.66,cash
biz_0109-004525,2024-11-17 08:53:16,35.64,mada
biz_0109-004511,2024-11-17 08:56:07,27.7,credit_card
biz_0109-004438,2024-11-17 09:02:55,52.89,mada
biz_0109-004455,2024-11-17 09:05:04,17.87,mada
biz_0109-004510,2024-11-17 09:18:16,26.19,cash
biz_0109-004489,2024-11-17 09:27:45,14.91,mada
biz_0109-004509,2024-11-17 09:32:24,32.18,credit_card
biz_0109-004488,2024-11-17 09:32:59,50.1,mada
biz_0109-004530,2024-11-17 09:58:24,15.91,cash
biz_0109-004482,2024-11-17 09:59:04,18.66,mada
biz_0109-004518,2024-11-17 10:11:41,12.38,mada
biz_0109-004451,2024-11-17 10:13:56,16.37,mada
biz_0109-004540,2024-11-17 10:18:12,20.75,mada
biz_0109-004533,2024-11-17 10:23:21,9.12,mada
biz_0109-004503,2024-11-17 10:26:37,24.4,mada
biz_0109-004456,2024-11-17 10:47:58,60.01,mada
biz_0109-004483,2024-11-17 10:59:51,29.21,credit_card
biz_0109-004528,2024-11-17 11:08:06,13.82,mada
biz_0109-004440,2024-11-17 11:10:42,26.24,mada
biz_0109-004508,2024-11-17 11:19:28,13.78,mada
biz_0109-004494,2024-11-17 11:20:13,20.54,mada
biz_0109-004477,2024-11-17 11:49:19,24.88,mada
biz_0109-004466,2024-11-17 12:02:41,65.43,mada
biz_0109-004523,2024-11-17 12:20:58,24.4,mada
biz_0109-004449,2024-11-17 12:44:13,20.38,credit_card
biz_0109-004481,2024-11-17 12:54:12,38.68,mada
biz_0109-004459,2024-11-17 13:05:27,54.04,mada
biz_0109-004484,2024-11-17 13:05:42,28.4,mada
biz_0109-004535,2024-11-17 13:06:30,31.19,mada
biz_0109-004458,2024-11-17 13:06:50,36.16,credit_card
biz_0109-004507,2024-11-17 13:13:31,34.79,credit_card
biz_0109-004522,2024-11-17 13:13:43,17.84,mada
biz_0109-004447,2024-11-17 13:18:45,31.84,mada
biz_0109-004516,2024-11-17 13:26:29,20.31,mada
biz_0109-004487,2024-11-17 13:27:13,48.9,mada
biz_0109-004473,2024-11-17 13:42:00,38.01,credit_card
biz_0109-004448,2024-11-17 13:43:44,23.02,mada
biz_0109-004464,2024-11-17 13:54:34,10.83,mada
biz_0109-004467,2024-11-17 14:05:58,14.42,mada
biz_0109-004539,2024-11-17 14:08:26,24.37,mada
biz_0109-004532,2024-11-17 14:13:25,20.24,mada
biz_0109-004496,2024-11-17 14:29:00,16.18,mada
biz_0109-004500,2024-11-17 14:32:55,40.44,mada
biz_0109-004454,2024-11-17 14:34:10,62.01,cash
biz_0109-004504,2024-11-17 14:43:17,19.58,mada
biz_0109-004491,2024-11-17 14:56:30,27.46,credit_card
biz_0109-004443,2024-11-17 15:27:59,25.12,mada
biz_0109-004474,2024-11-17 15:39:17,32.68,credit_card
biz_0109-004480,2024-11-17 15:50:53,21.78,credit_card
biz_0109-004536,2024-11-17 16:02:17,24.69,mada
biz_0109-004495,2024-11-17 16:06:16,38.19,credit_card
biz_0109-004450,2024-11-17 16:07:41,31.64,mada
biz_0109-004501,2024-11-17 16:08:02,11.94,mada
biz_0109-004465,2024-11-17 16:17:54,20.38,mada
biz_0109-004445,2024-11-17 16:37:53,23.36,mada
biz_0109-004453,2024-11-17 16:38:34,30.45,mada
biz_0109-004514,2024-11-17 16:49:52,17.44,mada
biz_0109-004505,2024-11-17 17:07:08,27.11,mada
biz_0109-004468,2024-11-17 17:16:46,30.64,mada
biz_0109-004452,2024-11-17 17:20:30,34.57,mada
biz_0109-004486,2024-11-17 17:26:19,25.5,mada
biz_0109-004519,2024-11-17 17:31:29,23.54,credit_card
biz_0109-004493,2024-11-17 17:39:25,35.73,mada
biz_0109-004462,2024-11-17 17:40:49,14.91,mada
biz_0109-004515,2024-11-17 17:45:19,33.92,mada
biz_0109-004444,2024-11-17 17:45:35,37.61,cash
biz_0109-004460,2024-11-17 17:52:43,33.37,mada
biz_0109-004534,2024-11-17 17:55:45,52.46,credit_card
biz_0109-004512,2024-11-17 18:10:08,14.13,cash
biz_0109-004524,2024-11-17 18:12:19,37.58,mada
biz_0109-004529,2024-11-17 18:18:39,55.85,cash
biz_0109-004470,2024-11-17 18:40:33,22.61,mada
biz_0109-004526,2024-11-17 18:44:33,34.87,mada
biz_0109-004498,2024-11-17 19:27:07,14.05,mada
biz_0109-004527,2024-11-17 19:34:49,38.73,mada
biz_0109-004472,2024-11-17 19:39:35,27.13,mada
biz_0109-004457,2024-11-17 20:10:18,18.6,cash
biz_0109-004521,2024-11-17 21:18:08,22.16,mada
biz_0109-004461,2024-11-17 21:50:53,34.35,credit_card
biz_0109-004475,2024-11-17 22:33:22,21.39,mada
biz_0109-004595,2024-11-18 00:15:57,23.4,mada
biz_0109-004551,2024-11-18 06:40:50,22.46,credit_card
biz_0109-004596,2024-11-18 06:53:35,18.93,mada
biz_0109-004581,2024-11-18 06:56:59,55.46,cash
biz_0109-004545,2024-11-18 07:06:04,31.8,mada
biz_0109-004594,2024-11-18 07:25:57,50.75,mada
biz_0109-004558,2024-11-18 07:31:56,53.25,mada
biz_0109-004564,2024-11-18 07:45:09,39.51,mada
biz_0109-004631,2024-11-18 07:52:50,13.69,credit_card
biz_0109-004565,2024-11-18 07:59:24,17.74,mada
biz_0109-004543,2024-11-18 08:06:47,59.64,credit_card
biz_0109-004584,2024-11-18 08:12:19,35.13,mada
biz_0109-004547,2024-11-18 08:13:23,14.56,credit_card
biz_0109-004614,2024-11-18 08:22:28,33.97,cash
biz_0109-004593,2024-11-18 08:23:49,12.79,mada
biz_0109-004621,2024-11-18 08:27:59,15.17,mada
biz_0109-004590,2024-11-18 08:34:44,36.77,mada
biz_0109-004562,2024-11-18 08:38:46,16.58,cash
biz_0109-004570,2024-11-18 08:46:45,62.45,mada
biz_0109-004617,2024-11-18 08:57:45,16.03,cash
biz_0109-004615,2024-11-18 09:01:07,9.87,mada
biz_0109-004607,2024-11-18 09:12:10,14.6,cash
biz_0109-004618,2024-11-18 09:14:16,31.84,mada
biz_0109-004577,2024-11-18 09:18:39,45.05,mada
biz_0109-004613,2024-11-18 09:31:43,16.25,mada
biz_0109-004634,2024-11-18 09:41:29,87.84,mada
biz_0109-004635,2024-11-18 09:42:06,32.77,cash
biz_0109-004587,2024-11-18 10:03:27,25.76,mada
biz_0109-004619,2024-11-18 10:09:28,26.77,mada
biz_0109-004588,2024-11-18 10:10:59,51.59,cash
biz_0109-004591,2024-11-18 10:19:54,33.76,mada
biz_0109-004546,2024-11-18 10:20:14,35.02,mada
biz_0109-004556,2024-11-18 10:31:23,12.87,mada
biz_0109-004632,2024-11-18 10:34:21,34.08,cash
biz_0109-004592,2024-11-18 10:35:53,22.36,cash
biz_0109-004609,2024-11-18 10:47:16,19.81,mada
biz_0109-004622,2024-11-18 11:25:44,19.97,mada
biz_0109-004563,2024-11-18 11:59:15,58.75,mada
biz_0109-004601,2024-11-18 12:01:55,20.62,mada
biz_0109-004597,2024-11-18 12:16:05,40.71,mada
biz_0109-004627,2024-11-18 12:23:53,33.68,credit_card
biz_0109-004611,2024-11-18 12:33:51,22.35,cash
biz_0109-004568,2024-11-18 12:53:24,13.54,mada
biz_0109-004579,2024-11-18 13:04:27,22.29,cash
biz_0109-004553,2024-11-18 13:04:28,22.7,mada
biz_0109-004599,2024-11-18 13:04:51,17.16,mada
biz_0109-004624,2024-11-18 13:09:33,33.95,mada
biz_0109-004616,2024-11-18 13:13:25,25.26,cash
biz_0109-004603,2024-11-18 13:17:58,60.99,credit_card
biz_0109-004552,2024-11-18 13:34:10,26.84,credit_card
biz_0109-004626,2024-11-18 13:36:37,43.58,cash
biz_0109-004572,2024-11-18 13:40:26,38.91,mada
biz_0109-004580,2024-11-18 13:50:34,15.17,cash
biz_0109-004555,2024-11-18 14:04:10,89.66,mada
biz_0109-004573,2024-11-18 14:08:49,20.49,mada
biz_0109-004571,2024-11-18 14:11:17,12.7,mada
biz_0109-004589,2024-11-18 14:12:51,41.91,cash
biz_0109-004606,2024-11-18 14:14:15,32.07,mada
biz_0109-004602,2024-11-18 14:27:41,24.41,mada
biz_0109-004625,2024-11-18 14:39:39,19.49,mada
biz_0109-004567,2024-11-18 14:54:07,20.04,mada
biz_0109-004610,2024-11-18 14:58:42,19.62,mada
biz_0109-004630,2024-11-18 15:24:38,22.02,mada
biz_0109-004554,2024-11-18 15:43:13,31.18,mada
biz_0109-004541,2024-11-18 15:59:04,47.75,mada
biz_0109-004542,2024-11-18 15:59:49,34.58,cash
biz_0109-004585,2024-11-18 16:02:38,51.64,mada
biz_0109-004608,2024-11-18 16:36:02,47.73,mada
biz_0109-004628,2024-11-18 16:39:35,50.07,mada
biz_0109-004574,2024-11-18 16:41:20,36.6,mada
biz_0109-004578,2024-11-18 17:13:11,25.85,cash
biz_0109-004583,2024-11-18 17:15:05,18.87,mada
biz_0109-004561,2024-11-18 17:22:09,16.78,mada
biz_0109-004575,2024-11-18 17:22:41,25.5,mada
biz_0109-004560,2024-11-18 17:30:08,34.79,credit_card
biz_0109-004548,2024-11-18 17:30:25,19.3,mada
biz_0109-004549,2024-11-18 17:35:40,29.0,mada
biz_0109-004582,2024-11-18 17:37:01,28.2,credit_card
biz_0109-004544,2024-11-18 17:49:47,52.13,mada
biz_0109-004566,2024-11-18 17:56:52,30.85,mada
biz_0109-004604,2024-11-18 18:10:09,15.61,mada
biz_0109-004559,2024-11-18 18:16:30,16.98,mada
biz_0109-004633,2024-11-18 18:33:44,74.04,mada
biz_0109-004550,2024-11-18 18:39:27,43.86,mada
biz_0109-004629,2024-11-18 18:44:36,26.33,mada
biz_0109-004586,2024-11-18 18:49:20,23.4,cash
biz_0109-004620,2024-11-18 19:08:47,40.67,mada
biz_0109-004623,2024-11-18 19:11:42,28.6,cash
biz_0109-004600,2024-11-18 19:13:36,26.63,mada
biz_0109-004569,2024-11-18 19:13:44,40.82,mada
biz_0109-004598,2024-11-18 19:20:31,159.36,credit_card
biz_0109-004612,2024-11-18 19:32:00,23.28,mada
biz_0109-004576,2024-11-18 19:47:13,26.11,credit_card
biz_0109-004557,2024-11-18 19:51:34,28.1,mada
biz_0109-004605,2024-11-18 19:54:21,30.98,mada
biz_0109-004654,2024-11-19 01:01:24,16.91,mada
biz_0109-004671,2024-11-19 07:28:08,46.84,cash
biz_0109-004668,2024-11-19 07:31:23,18.47,cash
biz_0109-004707,2024-11-19 07:32:41,44.74,mada
biz_0109-004697,2024-11-19 08:00:40,17.16,mada
biz_0109-004698,2024-11-19 08:01:00,19.57,cash
biz_0109-004667,2024-11-19 08:02:03,14.91,mada
biz_0109-004756,2024-11-19 08:03:48,34.79,cash
biz_0109-004753,2024-11-19 08:08:54,16.52,cash
biz_0109-004682,2024-11-19 08:09:26,27.16,mada
biz_0109-004637,2024-11-19 08:15:04,13.64,mada
biz_0109-004650,2024-11-19 08:26:03,28.12,mada
biz_0109-004694,2024-11-19 08:39:08,19.22,credit_card
biz_0109-004713,2024-11-19 08:47:51,43.57,mada
biz_0109-004640,2024-11-19 08:53:29,32.71,mada
biz_0109-004720,2024-11-19 08:55:55,18.05,credit_card
biz_0109-004645,2024-11-19 09:03:26,46.67,mada
biz_0109-004732,2024-11-19 09:07:18,39.44,mada
biz_0109-004704,2024-11-19 09:15:20,17.38,credit_card
biz_0109-004705,2024-11-19 09:18:26,20.97,mada
biz_0109-004655,2024-11-19 09:30:01,30.47,cash
biz_0109-004700,2024-11-19 09:37:28,20.93,cash
biz_0109-004688,2024-11-19 09:37:29,31.99,mada
biz_0109-004718,2024-11-19 09:39:44,37.69,cash
biz_0109-004703,2024-11-19 09:41:39,38.56,mada
biz_0109-004690,2024-11-19 09:52:19,57.05,mada
biz_0109-004758,2024-11-19 09:52:33,26.62,mada
biz_0109-004706,2024-11-19 09:52:39,32.15,credit_card
biz_0109-004723,2024-11-19 09:56:24,31.09,mada
biz_0109-004719,2024-11-19 10:02:31,36.98,cash
biz_0109-004681,2024-11-19 10:17:43,31.75,credit_card
biz_0109-004647,2024-11-19 10:31:46,21.66,credit_card
biz_0109-004663,2024-11-19 10:35:21,38.95,mada
biz_0109-004656,2024-11-19 10:39:58,35.69,mada
biz_0109-004695,2024-11-19 10:40:24,15.38,cash
biz_0109-004678,2024-11-19 10:44:24,31.89,mada
biz_0109-004696,2024-11-19 10:50:05,21.96,mada
biz_0109-004735,2024-11-19 11:02:19,68.29,mada
biz_0109-004730,2024-11-19 11:12:46,14.49,mada
biz_0109-004711,2024-11-19 11:28:05,63.0,credit_card
biz_0109-004738,2024-11-19 11:28:59,24.62,credit_card
biz_0109-004763,2024-11-19 11:39:22,36.08,credit_card
biz_0109-004750,2024-11-19 11:42:28,34.91,mada
biz_0109-004638,2024-11-19 11:45:32,28.03,cash
biz_0109-004754,2024-11-19 12:01:59,19.26,cash
biz_0109-004677,2024-11-19 12:02:26,17.56,mada
biz_0109-004709,2024-11-19 12:02:37,15.18,mada
biz_0109-004641,2024-11-19 12:03:57,26.19,mada
biz_0109-004737,2024-11-19 12:24:07,21.73,mada
biz_0109-004675,2024-11-19 12:30:09,23.89,mada
biz_0109-004643,2024-11-19 12:35:35,35.22,cash
biz_0109-004716,2024-11-19 12:35:44,76.46,mada
biz_0109-004715,2024-11-19 12:36:29,22.08,mada
biz_0109-004689,2024-11-19 12:51:46,31.42,credit_card
biz_0109-004685,2024-11-19 12:52:57,30.62,cash
biz_0109-004653,2024-11-19 13:00:41,51.23,mada
biz_0109-004679,2024-11-19 13:01:11,25.9,mada
biz_0109-004664,2024-11-19 13:03:37,27.28,mada
biz_0109-004759,2024-11-19 13:10:13,20.09,mada
biz_0109-004714,2024-11-19 13:11:30,25.55,mada
biz_0109-004648,2024-11-19 13:20:16,16.53,mada
biz_0109-004768,2024-11-19 13:20:21,23.27,mada
biz_0109-004729,2024-11-19 13:33:09,29.78,cash
biz_0109-004665,2024-11-19 13:33:36,76.49,mada
biz_0109-004765,2024-11-19 13:35:49,41.39,mada
biz_0109-004742,2024-11-19 13:36:04,62.2,mada
biz_0109-004731,2024-11-19 13:47:08,11.88,mada
biz_0109-004747,2024-11-19 13:50:23,31.76,mada
biz_0109-004657,2024-11-19 13:53:16,30.04,mada
biz_0109-004749,2024-11-19 13:55:19,13.38,mada
biz_0109-004745,2024-11-19 14:04:43,19.14,mada
biz_0109-004692,2024-11-19 14:05:21,25.85,mada
biz_0109-004642,2024-11-19 14:06:04,31.64,cash
biz_0109-004721,2024-11-19 14:08:09,23.78,credit_card
biz_0109-004744,2024-11-19 14:26:39,19.25,credit_card
biz_0109-004734,2024-11-19 14:26:54,34.88,mada
biz_0109-004769,2024-11-19 14:27:01,33.26,mada
biz_0109-004710,2024-11-19 14:31:52,89.57,mada
biz_0109-004702,2024-11-19 14:36:09,32.48,cash
biz_0109-004636,2024-11-19 14:41:37,9.75,cash
biz_0109-004740,2024-11-19 14:43:43,29.92,mada
biz_0109-004751,2024-11-19 14:47:20,11.09,mada
biz_0109-004669,2024-11-19 14:52:24,30.36,mada
biz_0109-004748,2024-11-19 14:53:33,13.05,mada
biz_0109-004757,2024-11-19 14:59:04,26.99,cash
biz_0109-004666,2024-11-19 15:00:42,34.77,mada
biz_0109-004649,2024-11-19 15:06:25,38.95,mada
biz_0109-004741,2024-11-19 15:10:17,9.72,mada
biz_0109-004743,2024-11-19 15:11:04,58.47,mada
biz_0109-004733,2024-11-19 15:12:41,17.1,cash
biz_0109-004651,2024-11-19 15:27:58,36.71,mada
biz_0109-004684,2024-11-19 15:37:11,13.98,mada
biz_0109-004673,2024-11-19 15:50:21,66.8,mada
biz_0109-004771,2024-11-19 15:52:47,18.97,mada
biz_0109-004755,2024-11-19 16:00:06,22.82,mada
biz_0109-004639,2024-11-19 16:09:08,21.7,mada
biz_0109-004652,2024-11-19 16:09:45,32.27,mada
biz_0109-004659,2024-11-19 16:13:33,36.9,credit_card
biz_0109-004676,2024-11-19 16:18:05,16.68,credit_card
biz_0109-004760,2024-11-19 16:22:26,22.89,mada
biz_0109-004736,2024-11-19 16:27:43,13.17,mada
biz_0109-004644,2024-11-19 16:34:25,44.21,cash
biz_0109-004693,2024-11-19 16:41:45,26.53,mada
biz_0109-004767,2024-11-19 16:46:46,21.05,mada
biz_0109-004701,2024-11-19 16:49:15,17.7,mada
biz_0109-004661,2024-11-19 16:57:40,40.05,mada
biz_0109-004722,2024-11-19 16:58:29,18.37,mada
biz_0109-004646,2024-11-19 17:02:07,20.95,mada
biz_0109-004746,2024-11-19 17:04:47,14.15,credit_card
biz_0109-004770,2024-11-19 17:08:24,51.85,cash
biz_0109-004725,2024-11-19 17:18:55,39.6,mada
biz_0109-004766,2024-11-19 17:31:38,45.31,mada
biz_0109-004683,2024-11-19 17:33:48,36.67,mada
biz_0109-004660,2024-11-19 17:34:35,13.6,mada
biz_0109-004762,2024-11-19 17:34:40,31.7,mada
biz_0109-004752,2024-11-19 17:39:57,59.37,cash
biz_0109-004680,2024-11-19 17:41:39,14.72,mada
biz_0109-004761,2024-11-19 17:43:18,61.1,mada
biz_0109-004686,2024-11-19 17:47:45,26.34,cash
biz_0109-004712,2024-11-19 17:52:09,30.08,mada
biz_0109-004674,2024-11-19 17:56:39,11.02,mada
biz_0109-004672,2024-11-19 18:23:36,61.01,mada
biz_0109-004739,2024-11-19 18:26:53,21.65,mada
biz_0109-004699,2024-11-19 18:30:14,22.05,mada
biz_0109-004662,2024-11-19 18:35:30,42.74,cash
biz_0109-004687,2024-11-19 18:38:51,45.46,mada
biz_0109-004691,2024-11-19 18:40:48,20.2,cash
biz_0109-004726,2024-11-19 18:44:39,26.24,mada
biz_0109-004670,2024-11-19 18:57:23,62.56,cash
biz_0109-004724,2024-11-19 19:06:53,26.0,mada
biz_0109-004717,2024-11-19 19:17:15,38.2,mada
biz_0109-004727,2024-11-19 19:26:31,16.4,mada
biz_0109-004764,2024-11-19 19:42:14,44.81,credit_card
biz_0109-004658,2024-11-19 21:38:51,25.25,mada
biz_0109-004728,2024-11-19 21:59:42,32.62,mada
biz_0109-004708,2024-11-19 23:59:51,21.39,mada
biz_0109-004805,2024-11-20 06:03:31,52.33,mada
biz_0109-004803,2024-11-20 06:32:04,16.48,mada
biz_0109-004854,2024-11-20 07:16:45,25.44,mada
biz_0109-004779,2024-11-20 07:24:38,8.3,cash
biz_0109-004818,2024-11-20 07:29:58,19.25,mada
biz_0109-004838,2024-11-20 07:35:58,27.19,cash
biz_0109-004836,2024-11-20 07:36:48,15.97,mada
biz_0109-004851,2024-11-20 07:56:31,11.87,mada
biz_0109-004828,2024-11-20 08:02:47,37.99,mada
biz_0109-004782,2024-11-20 08:10:06,48.52,mada
biz_0109-004813,2024-11-20 08:12:47,39.15,cash
biz_0109-004846,2024-11-20 08:14:16,73.43,mada
biz_0109-004859,2024-11-20 08:21:29,69.41,mada
biz_0109-004775,2024-11-20 08:27:36,14.85,mada
biz_0109-004819,2024-11-20 08:30:46,61.57,mada
biz_0109-004840,2024-11-20 08:36:07,72.48,cash
biz_0109-004845,2024-11-20 08:43:24,26.87,cash
biz_0109-004799,2024-11-20 08:49:51,28.1,mada
biz_0109-004790,2024-11-20 08:53:36,15.55,cash
biz_0109-004778,2024-11-20 09:07:20,25.53,mada
biz_0109-004789,2024-11-20 09:21:27,30.79,mada
biz_0109-004863,2024-11-20 09:23:29,42.51,mada
biz_0109-004858,2024-11-20 09:25:24,23.77,mada
biz_0109-004786,2024-11-20 09:28:06,35.55,mada
biz_0109-004853,2024-11-20 09:33:54,32.2,mada
biz_0109-004831,2024-11-20 09:39:21,21.12,mada
biz_0109-004850,2024-11-20 09:44:17,31.27,mada
biz_0109-004855,2024-11-20 10:38:55,17.59,mada
biz_0109-004814,2024-11-20 10:42:09,9.64,mada
biz_0109-004849,2024-11-20 10:43:15,21.7,mada
biz_0109-004802,2024-11-20 10:49:11,32.33,mada
biz_0109-004780,2024-11-20 10:49:51,13.26,mada
biz_0109-004777,2024-11-20 10:55:12,17.01,mada
biz_0109-004842,2024-11-20 11:01:56,32.81,mada
biz_0109-004811,2024-11-20 11:03:09,42.59,cash
biz_0109-004852,2024-11-20 11:14:21,19.82,credit_card
biz_0109-004857,2024-11-20 11:17:34,49.55,mada
biz_0109-004856,2024-11-20 11:52:13,24.98,credit_card
biz_0109-004835,2024-11-20 11:56:03,27.93,mada
biz_0109-004795,2024-11-20 11:57:33,27.63,mada
biz_0109-004808,2024-11-20 12:21:29,18.71,mada
biz_0109-004801,2024-11-20 12:33:17,11.55,mada
biz_0109-004797,2024-11-20 12:45:35,46.89,mada
biz_0109-004843,2024-11-20 12:46:35,32.29,mada
biz_0109-004788,2024-11-20 12:57:32,22.49,mada
biz_0109-004861,2024-11-20 13:00:40,32.6,mada
biz_0109-004839,2024-11-20 13:09:58,21.15,mada
biz_0109-004809,2024-11-20 13:16:10,20.73,cash
biz_0109-004824,2024-11-20 13:17:15,18.26,credit_card
biz_0109-004817,2024-11-20 13:23:28,15.7,cash
biz_0109-004827,2024-11-20 13:24:20,22.98,mada
biz_0109-004792,2024-11-20 13:26:09,51.18,cash
biz_0109-004864,2024-11-20 13:34:24,29.71,cash
biz_0109-004833,2024-11-20 13:45:16,23.37,mada
biz_0109-004807,2024-11-20 13:48:45,52.54,mada
biz_0109-004830,2024-11-20 14:10:05,47.08,mada
biz_0109-004781,2024-11-20 14:24:33,8.85,cash
biz_0109-004847,2024-11-20 14:35:28,22.59,mada
biz_0109-004812,2024-11-20 14:39:52,34.81,cash
biz_0109-004860,2024-11-20 14:49:31,16.45,cash
biz_0109-004862,2024-11-20 14:59:49,26.55,mada
biz_0109-004816,2024-11-20 15:02:38,28.15,mada
biz_0109-004773,2024-11-20 15:24:51,26.88,mada
biz_0109-004798,2024-11-20 15:29:54,10.53,mada
biz_0109-004796,2024-11-20 15:32:40,33.01,mada
biz_0109-004837,2024-11-20 16:21:23,38.24,credit_card
biz_0109-004832,2024-11-20 16:22:00,69.36,mada
biz_0109-004822,2024-11-20 16:31:25,26.7,mada
biz_0109-004815,2024-11-20 16:33:47,68.87,cash
biz_0109-004785,2024-11-20 16:46:15,21.53,credit_card
biz_0109-004774,2024-11-20 16:46:33,26.81,mada
biz_0109-004800,2024-11-20 16:57:27,27.34,mada
biz_0109-004791,2024-11-20 17:21:30,39.83,mada
biz_0109-004848,2024-11-20 17:35:11,26.96,mada
biz_0109-004844,2024-11-20 17:44:11,39.02,mada
biz_0109-004826,2024-11-20 17:48:57,25.82,mada
biz_0109-004834,2024-11-20 17:49:32,18.94,credit_card
biz_0109-004804,2024-11-20 17:54:51,11.81,mada
biz_0109-004794,2024-11-20 17:57:20,68.48,mada
biz_0109-004829,2024-11-20 18:04:13,26.93,mada
biz_0109-004823,2024-11-20 18:06:25,7.4,credit_card
biz_0109-004821,2024-11-20 18:08:44,14.64,mada
biz_0109-004783,2024-11-20 18:17:03,44.63,cash
biz_0109-004810,2024-11-20 18:37:38,29.41,cash
biz_0109-004841,2024-11-20 18:44:31,59.91,credit_card
biz_0109-004820,2024-11-20 18:49:06,37.65,mada
biz_0109-004793,2024-11-20 19:30:21,27.51,mada
biz_0109-004806,2024-11-20 19:56:51,44.3,cash
biz_0109-004784,2024-11-20 19:57:44,79.77,mada
biz_0109-004772,2024-11-20 20:09:25,24.9,mada
biz_0109-004787,2024-11-20 20:30:27,9.17,mada
biz_0109-004825,2024-11-20 21:47:00,18.54,mada
biz_0109-004776,2024-11-20 23:33:28,25.15,cash
biz_0109-004880,2024-11-21 06:09:50,27.46,mada
biz_0109-004901,2024-11-21 07:00:59,35.4,mada
biz_0109-004885,2024-11-21 07:03:36,43.8,mada
biz_0109-004937,2024-11-21 07:08:36,43.03,cash
biz_0109-004875,2024-11-21 07:19:12,21.54,mada
biz_0109-004915,2024-11-21 07:33:31,31.53,mada
biz_0109-004931,2024-11-21 08:03:44,18.52,mada
biz_0109-004928,2024-11-21 08:03:48,28.64,mada
biz_0109-004926,2024-11-21 08:11:41,27.45,credit_card
biz_0109-004924,2024-11-21 08:13:37,17.71,mada
biz_0109-004921,2024-11-21 08:36:05,30.94,cash
biz_0109-004884,2024-11-21 08:37:32,18.32,mada
biz_0109-004868,2024-11-21 08:55:02,32.6,mada
biz_0109-004911,2024-11-21 08:55:27,13.92,mada
biz_0109-004906,2024-11-21 09:04:46,11.6,credit_card
biz_0109-004904,2024-11-21 09:06:31,17.5,credit_card
biz_0109-004874,2024-11-21 09:18:17,28.11,mada
biz_0109-004922,2024-11-21 09:22:02,52.44,mada
biz_0109-004927,2024-11-21 09:34:24,17.38,mada
biz_0109-004878,2024-11-21 09:36:28,22.6,mada
biz_0109-004945,2024-11-21 09:57:44,23.31,mada
biz_0109-004943,2024-11-21 09:59:09,18.66,mada
biz_0109-004876,2024-11-21 10:08:30,24.93,mada
biz_0109-004940,2024-11-21 10:11:56,31.12,credit_card
biz_0109-004947,2024-11-21 10:28:40,49.73,cash
biz_0109-004872,2024-11-21 10:58:13,23.67,credit_card
biz_0109-004914,2024-11-21 11:06:47,58.8,mada
biz_0109-004865,2024-11-21 11:26:09,27.02,mada
biz_0109-004889,2024-11-21 11:33:47,40.17,credit_card
biz_0109-004923,2024-11-21 11:52:38,33.97,credit_card
biz_0109-004887,2024-11-21 12:17:23,24.95,mada
biz_0109-004888,2024-11-21 12:26:01,37.44,mada
biz_0109-004919,2024-11-21 12:29:27,34.14,mada
biz_0109-004886,2024-11-21 12:35:37,41.41,mada
biz_0109-004946,2024-11-21 12:38:18,20.72,mada
biz_0109-004890,2024-11-21 12:38:24,20.3,cash
biz_0109-004892,2024-11-21 12:51:33,28.14,cash
biz_0109-004882,2024-11-21 13:07:33,11.02,mada
biz_0109-004920,2024-11-21 13:07:57,26.89,mada
biz_0109-004925,2024-11-21 13:12:54,41.3,mada
biz_0109-004891,2024-11-21 13:24:36,40.7,mada
biz_0109-004941,2024-11-21 13:37:24,30.82,mada
biz_0109-004907,2024-11-21 13:53:34,8.16,cash
biz_0109-004932,2024-11-21 13:53:45,59.43,credit_card
biz_0109-004905,2024-11-21 13:54:46,27.0,credit_card
biz_0109-004935,2024-11-21 13:55:01,69.51,credit_card
biz_0109-004899,2024-11-21 14:06:02,30.26,cash
biz_0109-004909,2024-11-21 14:21:19,24.18,mada
biz_0109-004893,2024-11-21 14:30:25,49.71,mada
biz_0109-004912,2024-11-21 14:31:59,17.01,cash
biz_0109-004942,2024-11-21 14:42:46,31.55,mada
biz_0109-004929,2024-11-21 14:43:24,48.54,cash
biz_0109-004900,2024-11-21 14:46:06,9.81,mada
biz_0109-004916,2024-11-21 15:09:07,28.05,credit_card
biz_0109-004936,2024-11-21 15:11:01,44.35,mada
biz_0109-004902,2024-11-21 15:14:05,16.73,cash
biz_0109-004866,2024-11-21 16:01:34,35.85,mada
biz_0109-004881,2024-11-21 16:05:25,17.84,mada
biz_0109-004896,2024-11-21 16:07:24,28.54,mada
biz_0109-004894,2024-11-21 16:08:55,9.96,credit_card
biz_0109-004938,2024-11-21 16:13:32,30.49,cash
biz_0109-004869,2024-11-21 16:26:15,33.79,mada
biz_0109-004934,2024-11-21 16:54:56,13.75,cash
biz_0109-004939,2024-11-21 16:56:07,50.77,mada
biz_0109-004879,2024-11-21 17:03:03,78.81,mada
biz_0109-004897,2024-11-21 17:05:57,38.17,mada
biz_0109-004883,2024-11-21 17:05:58,62.92,mada
biz_0109-004877,2024-11-21 17:06:59,11.2,cash
biz_0109-004933,2024-11-21 17:12:16,11.18,cash
biz_0109-004870,2024-11-21 17:14:41,28.36,mada
biz_0109-004917,2024-11-21 17:15:58,79.6,mada
biz_0109-004895,2024-11-21 17:16:45,30.15,cash
biz_0109-004903,2024-11-21 17:38:08,27.54,mada
biz_0109-004913,2024-11-21 17:42:13,13.06,cash
biz_0109-004867,2024-11-21 17:49:01,32.91,mada
biz_0109-004930,2024-11-21 17:50:47,21.15,cash
biz_0109-004908,2024-11-21 17:54:46,11.0,mada
biz_0109-004910,2024-11-21 18:14:09,37.08,cash
biz_0109-004898,2024-11-21 18:16:45,30.68,mada
biz_0109-004918,2024-11-21 18:48:13,28.87,mada
biz_0109-004871,2024-11-21 18:56:43,48.7,mada
biz_0109-004873,2024-11-21 18:59:49,35.08,mada
biz_0109-004944,2024-11-21 19:40:49,34.25,mada
biz_0109-005012,2024-11-22 06:12:53,27.21,mada
biz_0109-004979,2024-11-22 07:07:24,32.36,mada
biz_0109-004948,2024-11-22 07:10:11,14.33,mada
biz_0109-004995,2024-11-22 07:17:17,45.46,cash
biz_0109-005004,2024-11-22 07:27:48,11.6,mada
biz_0109-004978,2024-11-22 07:34:47,68.8,credit_card
biz_0109-005018,2024-11-22 07:44:32,39.09,mada
biz_0109-004981,2024-11-22 08:00:10,20.85,mada
biz_0109-004961,2024-11-22 08:05:18,38.25,cash
biz_0109-005023,2024-11-22 08:08:05,47.46,mada
biz_0109-004954,2024-11-22 08:08:48,27.05,credit_card
biz_0109-004968,2024-11-22 08:13:46,21.55,cash
biz_0109-004999,2024-11-22 08:13:56,21.05,credit_card
biz_0109-004990,2024-11-22 08:16:59,32.43,cash
biz_0109-004980,2024-11-22 08:22:43,17.04,cash
biz_0109-004992,2024-11-22 08:34:07,25.15,cash
biz_0109-004982,2024-11-22 09:07:59,30.61,cash
biz_0109-004973,2024-11-22 09:41:25,22.41,mada
biz_0109-004972,2024-11-22 09:51:01,30.94,mada
biz_0109-005021,2024-11-22 09:56:05,15.57,mada
biz_0109-004991,2024-11-22 10:39:54,16.61,mada
biz_0109-004950,2024-11-22 10:47:26,16.38,mada
biz_0109-004949,2024-11-22 11:29:50,64.19,mada
biz_0109-005009,2024-11-22 11:37:13,33.73,mada
biz_0109-004971,2024-11-22 11:38:00,27.59,mada
biz_0109-004998,2024-11-22 12:07:34,25.67,mada
biz_0109-005019,2024-11-22 12:09:46,27.12,mada
biz_0109-004960,2024-11-22 12:24:55,19.67,mada
biz_0109-005002,2024-11-22 12:28:13,15.08,mada
biz_0109-004957,2024-11-22 12:41:29,23.99,mada
biz_0109-004953,2024-11-22 12:58:45,31.38,credit_card
biz_0109-005013,2024-11-22 13:02:10,31.87,mada
biz_0109-004997,2024-11-22 13:09:23,20.11,credit_card
biz_0109-005016,2024-11-22 13:15:37,48.83,mada
biz_0109-004958,2024-11-22 13:17:07,18.19,mada
biz_0109-004977,2024-11-22 13:39:26,19.56,mada
biz_0109-004974,2024-11-22 13:39:28,26.73,cash
biz_0109-004963,2024-11-22 13:42:54,58.59,mada
biz_0109-004986,2024-11-22 13:46:37,17.54,credit_card
biz_0109-005003,2024-11-22 13:53:53,23.07,cash
biz_0109-004952,2024-11-22 14:01:33,23.52,cash
biz_0109-004983,2024-11-22 14:12:26,24.08,mada
biz_0109-004967,2024-11-22 14:39:43,23.9,credit_card
biz_0109-005024,2024-11-22 14:40:37,40.79,mada
biz_0109-004965,2024-11-22 14:41:18,24.12,credit_card
biz_0109-005005,2024-11-22 14:45:07,14.72,mada
biz_0109-004975,2024-11-22 14:57:09,36.66,mada
biz_0109-004964,2024-11-22 14:58:04,21.76,mada
biz_0109-005010,2024-11-22 15:08:57,19.35,credit_card
biz_0109-004970,2024-11-22 15:23:12,27.1,mada
biz_0109-004984,2024-11-22 15:26:10,30.93,mada
biz_0109-005020,2024-11-22 15:48:01,31.36,mada
biz_0109-004989,2024-11-22 16:26:36,32.79,mada
biz_0109-005014,2024-11-22 16:28:43,34.51,mada
biz_0109-004962,2024-11-22 16:37:08,44.88,credit_card
biz_0109-004985,2024-11-22 16:37:51,37.9,cash
biz_0109-005017,2024-11-22 16:40:20,22.77,cash
biz_0109-005007,2024-11-22 16:41:08,7.86,mada
biz_0109-005001,2024-11-22 16:45:59,60.73,mada
biz_0109-004993,2024-11-22 17:07:32,16.3,cash
biz_0109-005022,2024-11-22 17:24:53,26.54,credit_card
biz_0109-005006,2024-11-22 17:28:21,44.3,mada
biz_0109-004951,2024-11-22 17:44:23,16.51,mada
biz_0109-005025,2024-11-22 17:47:12,37.37,cash
biz_0109-004987,2024-11-22 17:47:48,19.53,mada
biz_0109-004996,2024-11-22 17:50:41,21.62,cash
biz_0109-005000,2024-11-22 17:54:19,46.14,mada
biz_0109-005011,2024-11-22 18:18:19,39.51,cash
biz_0109-004955,2024-11-22 18:51:29,30.1,cash
biz_0109-004988,2024-11-22 19:03:41,20.75,mada
biz_0109-004994,2024-11-22 19:12:47,22.69,mada
biz_0109-004966,2024-11-22 19:28:33,17.34,cash
biz_0109-004959,2024-11-22 19:39:30,16.5,mada
biz_0109-005008,2024-11-22 19:43:00,28.63,credit_card
biz_0109-004969,2024-11-22 19:57:07,16.71,cash
biz_0109-004976,2024-11-22 20:30:38,23.93,cash
biz_0109-005015,2024-11-22 20:45:13,15.07,mada
biz_0109-004956,2024-11-22 21:59:07,32.04,credit_card
biz_0109-005041,2024-11-23 00:55:53,36.15,cash
biz_0109-005031,2024-11-23 02:30:24,38.35,credit_card
biz_0109-005101,2024-11-23 06:16:05,33.21,mada
biz_0109-005103,2024-11-23 07:19:41,26.0,cash
biz_0109-005092,2024-11-23 07:29:04,19.41,mada
biz_0109-005049,2024-11-23 07:35:10,18.08,mada
biz_0109-005029,2024-11-23 08:11:41,15.14,mada
biz_0109-005037,2024-11-23 08:14:31,32.88,mada
biz_0109-005047,2024-11-23 08:16:31,21.17,mada
biz_0109-005043,2024-11-23 08:25:11,18.4,mada
biz_0109-005042,2024-11-23 08:31:41,42.81,mada
biz_0109-005097,2024-11-23 08:35:12,24.17,mada
biz_0109-005061,2024-11-23 08:38:05,40.44,mada
biz_0109-005069,2024-11-23 08:50:50,62.03,mada
biz_0109-005036,2024-11-23 08:55:17,26.2,mada
biz_0109-005080,2024-11-23 09:03:44,11.13,mada
biz_0109-005077,2024-11-23 09:12:57,55.63,cash
biz_0109-005040,2024-11-23 09:15:33,22.97,mada
biz_0109-005102,2024-11-23 09:20:53,50.85,mada
biz_0109-005063,2024-11-23 09:20:58,14.94,mada
biz_0109-005048,2024-11-23 09:21:37,7.99,mada
biz_0109-005064,2024-11-23 09:28:36,22.09,mada
biz_0109-005071,2024-11-23 09:30:04,20.15,credit_card
biz_0109-005081,2024-11-23 09:30:36,71.61,mada
biz_0109-005078,2024-11-23 10:05:32,69.04,mada
biz_0109-005050,2024-11-23 10:06:38,42.57,mada
biz_0109-005055,2024-11-23 10:15:20,53.03,mada
biz_0109-005089,2024-11-23 10:24:32,20.48,cash
biz_0109-005068,2024-11-23 10:53:05,15.95,mada
biz_0109-005066,2024-11-23 11:29:33,23.95,cash
biz_0109-005044,2024-11-23 11:35:47,29.93,mada
biz_0109-005095,2024-11-23 11:39:45,19.11,mada
biz_0109-005034,2024-11-23 11:50:29,27.48,mada
biz_0109-005100,2024-11-23 12:24:14,39.1,mada
biz_0109-005070,2024-11-23 12:26:11,21.85,mada
biz_0109-005093,2024-11-23 12:46:45,24.78,mada
biz_0109-005046,2024-11-23 12:52:54,32.74,mada
biz_0109-005099,2024-11-23 12:53:49,17.17,cash
biz_0109-005027,2024-11-23 13:43:24,15.27,mada
biz_0109-005076,2024-11-23 13:57:27,26.86,mada
biz_0109-005082,2024-11-23 14:26:03,32.85,mada
biz_0109-005087,2024-11-23 14:30:03,85.55,credit_card
biz_0109-005026,2024-11-23 14:53:58,51.48,cash
biz_0109-005038,2024-11-23 14:59:57,20.41,mada
biz_0109-005062,2024-11-23 15:01:20,61.54,credit_card
biz_0109-005058,2024-11-23 15:02:05,22.41,mada
biz_0109-005079,2024-11-23 15:15:05,20.63,cash
biz_0109-005033,2024-11-23 15:38:09,38.33,mada
biz_0109-005030,2024-11-23 15:48:27,18.63,mada
biz_0109-005035,2024-11-23 16:06:55,32.51,mada
biz_0109-005053,2024-11-23 16:08:01,34.62,mada
biz_0109-005085,2024-11-23 16:30:37,42.12,cash
biz_0109-005065,2024-11-23 16:35:47,26.37,mada
biz_0109-005106,2024-11-23 16:50:36,48.6,mada
biz_0109-005096,2024-11-23 16:53:45,42.39,mada
biz_0109-005039,2024-11-23 16:54:25,14.22,mada
biz_0109-005084,2024-11-23 17:05:08,20.34,mada
biz_0109-005054,2024-11-23 17:15:32,36.74,mada
biz_0109-005032,2024-11-23 17:22:18,39.01,mada
biz_0109-005104,2024-11-23 17:28:29,12.55,cash
biz_0109-005098,2024-11-23 17:36:11,43.7,mada
biz_0109-005028,2024-11-23 17:37:04,53.99,mada
biz_0109-005051,2024-11-23 17:40:54,44.51,mada
biz_0109-005094,2024-11-23 17:45:09,30.27,credit_card
biz_0109-005083,2024-11-23 17:50:39,27.79,credit_card
biz_0109-005074,2024-11-23 17:50:46,35.41,mada
biz_0109-005072,2024-11-23 18:00:54,36.52,cash
biz_0109-005045,2024-11-23 18:16:58,46.42,cash
biz_0109-005059,2024-11-23 18:27:16,24.1,mada
biz_0109-005091,2024-11-23 18:39:29,41.02,cash
biz_0109-005088,2024-11-23 18:42:32,13.53,mada
biz_0109-005073,2024-11-23 18:51:10,30.53,mada
biz_0109-005075,2024-11-23 18:51:11,56.41,credit_card
biz_0109-005067,2024-11-23 19:00:51,23.39,credit_card
biz_0109-005057,2024-11-23 19:10:58,48.21,mada
biz_0109-005086,2024-11-23 19:17:31,20.23,mada
biz_0109-005060,2024-11-23 19:31:40,58.09,mada
biz_0109-005056,2024-11-23 21:23:00,19.72,mada
biz_0109-005090,2024-11-23 21:26:01,13.82,mada
biz_0109-005052,2024-11-23 22:48:14,20.53,cash
biz_0109-005105,2024-11-23 22:55:48,13.08,mada
biz_0109-005207,2024-11-24 07:02:18,21.44,credit_card
biz_0109-005194,2024-11-24 07:06:51,25.89,mada
biz_0109-005206,2024-11-24 07:08:59,38.33,mada
biz_0109-005173,2024-11-24 07:09:09,20.9,mada
biz_0109-005116,2024-11-24 07:23:44,24.24,mada
biz_0109-005134,2024-11-24 07:33:10,23.53,mada
biz_0109-005157,2024-11-24 07:34:58,64.13,cash
biz_0109-005126,2024-11-24 07:52:53,21.74,mada
biz_0109-005137,2024-11-24 07:52:59,45.0,mada
biz_0109-005195,2024-11-24 07:53:43,29.21,credit_card
biz_0109-005115,2024-11-24 07:54:32,19.77,cash
biz_0109-005208,2024-11-24 08:04:30,26.42,cash
biz_0109-005151,2024-11-24 08:04:30,20.38,mada
biz_0109-005141,2024-11-24 08:22:02,48.66,mada
biz_0109-005122,2024-11-24 08:23:09,30.12,mada
biz_0109-005209,2024-11-24 08:37:18,18.28,mada
biz_0109-005112,2024-11-24 08:37:40,35.58,mada
biz_0109-005158,2024-11-24 08:38:48,24.91,mada
biz_0109-005109,2024-11-24 08:39:27,14.34,mada
biz_0109-005125,2024-11-24 08:42:50,36.41,mada
biz_0109-005144,2024-11-24 08:42:56,20.13,mada
biz_0109-005178,2024-11-24 08:43:24,45.85,credit_card
biz_0109-005181,2024-11-24 08:43:30,26.55,mada
biz_0109-005118,2024-11-24 08:47:17,65.31,credit_card
biz_0109-005182,2024-11-24 08:48:51,14.2,cash
biz_0109-005203,2024-11-24 08:57:20,14.04,cash
biz_0109-005148,2024-11-24 08:58:27,29.72,mada
biz_0109-005120,2024-11-24 08:58:29,37.98,mada
biz_0109-005205,2024-11-24 09:04:05,47.71,mada
biz_0109-005133,2024-11-24 09:10:20,30.63,cash
biz_0109-005128,2024-11-24 09:36:32,27.0,mada
biz_0109-005162,2024-11-24 09:40:01,66.41,mada
biz_0109-005130,2024-11-24 09:52:06,66.24,mada
biz_0109-005117,2024-11-24 09:54:08,19.24,cash
biz_0109-005198,2024-11-24 09:54:57,22.87,mada
biz_0109-005184,2024-11-24 10:15:13,24.54,mada
biz_0109-005183,2024-11-24 10:24:48,25.92,cash
biz_0109-005111,2024-11-24 10:28:34,47.95,credit_card
biz_0109-005210,2024-11-24 10:33:35,10.46,cash
biz_0109-005140,2024-11-24 10:37:03,33.92,mada
biz_0109-005200,2024-11-24 10:39:20,12.15,mada
biz_0109-005163,2024-11-24 10:40:02,18.63,cash
biz_0109-005176,2024-11-24 10:42:13,41.28,mada
biz_0109-005196,2024-11-24 10:49:20,29.91,mada
biz_0109-005164,2024-11-24 11:33:34,16.1,mada
biz_0109-005123,2024-11-24 11:37:51,38.31,mada
biz_0109-005161,2024-11-24 11:58:34,74.84,mada
biz_0109-005165,2024-11-24 11:59:09,67.2,mada
biz_0109-005147,2024-11-24 12:02:20,22.64,cash
biz_0109-005171,2024-11-24 12:22:21,35.53,mada
biz_0109-005190,2024-11-24 12:25:26,24.85,mada
biz_0109-005212,2024-11-24 12:44:15,10.9,mada
biz_0109-005166,2024-11-24 12:48:01,20.39,credit_card
biz_0109-005175,2024-11-24 12:55:13,39.96,credit_card
biz_0109-005139,2024-11-24 12:56:42,30.63,mada
biz_0109-005187,2024-11-24 13:06:18,45.23,mada
biz_0109-005180,2024-11-24 13:07:48,17.62,mada
biz_0109-005127,2024-11-24 13:35:44,21.03,mada
biz_0109-005174,2024-11-24 13:48:54,27.12,credit_card
biz_0109-005191,2024-11-24 13:53:29,36.76,mada
biz_0109-005107,2024-11-24 13:53:40,10.84,mada
biz_0109-005213,2024-11-24 14:02:40,25.44,credit_card
biz_0109-005172,2024-11-24 14:05:06,46.29,mada
biz_0109-005160,2024-11-24 14:10:04,13.41,mada
biz_0109-005214,2024-11-24 14:10:55,30.63,mada
biz_0109-005129,2024-11-24 14:12:47,9.93,credit_card
biz_0109-005143,2024-11-24 14:23:44,61.22,mada
biz_0109-005204,2024-11-24 14:28:11,51.25,cash
biz_0109-005155,2024-11-24 14:44:14,10.36,mada
biz_0109-005121,2024-11-24 14:45:20,42.8,mada
biz_0109-005202,2024-11-24 15:06:21,30.49,mada
biz_0109-005197,2024-11-24 15:15:04,31.26,credit_card
biz_0109-005188,2024-11-24 15:50:45,23.57,mada
biz_0109-005132,2024-11-24 16:02:41,45.66,mada
biz_0109-005149,2024-11-24 16:14:28,32.02,mada
biz_0109-005152,2024-11-24 16:22:36,27.17,mada
biz_0109-005170,2024-11-24 16:27:17,40.21,credit_card
biz_0109-005108,2024-11-24 16:28:38,12.31,mada
biz_0109-005177,2024-11-24 16:29:18,14.22,mada
biz_0109-005131,2024-11-24 16:43:19,32.16,credit_card
biz_0109-005179,2024-11-24 16:45:19,28.01,mada
biz_0109-005186,2024-11-24 16:52:48,32.05,mada
biz_0109-005110,2024-11-24 16:56:15,27.79,mada
biz_0109-005153,2024-11-24 17:04:07,40.94,cash
biz_0109-005124,2024-11-24 17:04:50,19.4,mada
biz_0109-005138,2024-11-24 17:06:46,71.22,mada
biz_0109-005150,2024-11-24 17:31:51,38.99,credit_card
biz_0109-005168,2024-11-24 17:38:54,49.9,mada
biz_0109-005114,2024-11-24 17:52:00,27.2,mada
biz_0109-005192,2024-11-24 18:17:34,29.53,mada
biz_0109-005146,2024-11-24 18:20:48,17.11,cash
biz_0109-005136,2024-11-24 18:22:18,33.85,mada
biz_0109-005189,2024-11-24 18:22:22,16.25,mada
biz_0109-005154,2024-11-24 18:27:46,16.99,mada
biz_0109-005119,2024-11-24 18:29:17,23.49,mada
biz_0109-005159,2024-11-24 18:29:58,40.54,credit_card
biz_0109-005167,2024-11-24 18:59:40,140.69,mada
biz_0109-005135,2024-11-24 19:02:59,44.08,mada
biz_0109-005199,2024-11-24 19:28:39,26.54,mada
biz_0109-005201,2024-11-24 19:36:50,67.18,mada
biz_0109-005142,2024-11-24 19:39:25,19.02,mada
biz_0109-005156,2024-11-24 19:39:51,21.14,mada
biz_0109-005185,2024-11-24 19:41:55,15.31,mada
biz_0109-005145,2024-11-24 19:55:29,32.76,mada
biz_0109-005169,2024-11-24 20:02:49,17.7,mada
biz_0109-005211,2024-11-24 21:40:00,13.51,mada
biz_0109-005113,2024-11-24 21:51:42,49.79,cash
biz_0109-005193,2024-11-24 23:24:48,41.8,mada
biz_0109-005295,2024-11-25 06:43:57,11.55,cash
biz_0109-005252,2024-11-25 07:01:38,43.77,mada
biz_0109-005293,2024-11-25 07:08:44,16.34,mada
biz_0109-005239,2024-11-25 08:03:18,25.31,mada
biz_0109-005299,2024-11-25 08:40:02,33.54,mada
biz_0109-005250,2024-11-25 08:44:41,31.28,credit_card
biz_0109-005253,2024-11-25 08:47:17,29.86,mada
biz_0109-005296,2024-11-25 08:48:56,16.83,mada
biz_0109-005273,2024-11-25 08:49:35,26.83,mada
biz_0109-005274,2024-11-25 08:59:52,20.46,mada
biz_0109-005219,2024-11-25 09:00:49,23.45,mada
biz_0109-005245,2024-11-25 09:07:11,30.61,mada
biz_0109-005281,2024-11-25 09:07:45,22.26,credit_card
biz_0109-005311,2024-11-25 09:11:48,33.94,credit_card
biz_0109-005229,2024-11-25 09:12:36,46.54,mada
biz_0109-005279,2024-11-25 09:21:40,16.31,cash
biz_0109-005225,2024-11-25 09:29:00,20.59,mada
biz_0109-005266,2024-11-25 09:29:47,25.65,mada
biz_0109-005264,2024-11-25 09:42:18,34.0,mada
biz_0109-005303,2024-11-25 09:42:50,44.25,credit_card
biz_0109-005260,2024-11-25 09:44:20,25.37,mada
biz_0109-005263,2024-11-25 09:55:04,19.91,credit_card
biz_0109-005240,2024-11-25 09:57:53,13.09,mada
biz_0109-005233,2024-11-25 09:58:27,30.64,cash
biz_0109-005267,2024-11-25 10:23:28,20.5,mada
biz_0109-005275,2024-11-25 10:23:55,79.75,mada
biz_0109-005287,2024-11-25 10:30:44,17.28,mada
biz_0109-005215,2024-11-25 10:47:19,27.73,credit_card
biz_0109-005221,2024-11-25 11:01:32,34.0,mada
biz_0109-005230,2024-11-25 11:03:13,20.06,mada
biz_0109-005249,2024-11-25 11:21:11,17.81,mada
biz_0109-005302,2024-11-25 11:47:34,38.48,credit_card
biz_0109-005285,2024-11-25 11:52:03,31.63,mada
biz_0109-005255,2024-11-25 11:59:12,62.92,cash
biz_0109-005228,2024-11-25 12:03:32,19.79,mada
biz_0109-005243,2024-11-25 12:05:53,14.98,credit_card
biz_0109-005284,2024-11-25 12:12:59,42.84,mada
biz_0109-005265,2024-11-25 12:14:27,62.85,mada
biz_0109-005314,2024-11-25 12:16:26,16.9,cash
biz_0109-005217,2024-11-25 12:17:12,20.79,mada
biz_0109-005278,2024-11-25 12:22:18,20.05,mada
biz_0109-005308,2024-11-25 12:46:10,30.41,cash
biz_0109-005224,2024-11-25 12:50:54,27.51,cash
biz_0109-005227,2024-11-25 12:51:29,41.36,mada
biz_0109-005269,2024-11-25 12:52:46,28.6,cash
biz_0109-005261,2024-11-25 12:54:05,34.04,mada
biz_0109-005242,2024-11-25 12:59:32,28.56,mada
biz_0109-005258,2024-11-25 12:59:40,14.84,mada
biz_0109-005216,2024-11-25 13:11:54,42.28,mada
biz_0109-005289,2024-11-25 13:17:10,24.41,mada
biz_0109-005223,2024-11-25 13:35:15,29.45,mada
biz_0109-005297,2024-11-25 13:49:33,23.92,mada
biz_0109-005272,2024-11-25 13:50:17,27.74,credit_card
biz_0109-005235,2024-11-25 13:58:17,47.79,mada
biz_0109-005218,2024-11-25 13:58:55,19.22,credit_card
biz_0109-005248,2024-11-25 14:08:02,38.45,mada
biz_0109-005247,2024-11-25 14:16:10,54.97,mada
biz_0109-005307,2024-11-25 14:26:47,22.23,mada
biz_0109-005257,2024-11-25 14:30:32,18.7,mada
biz_0109-005280,2024-11-25 14:33:19,22.06,cash
biz_0109-005301,2024-11-25 14:36:19,37.07,credit_card
biz_0109-005244,2024-11-25 14:42:57,22.85,mada
biz_0109-005262,2024-11-25 14:45:21,40.75,mada
biz_0109-005232,2024-11-25 14:48:16,34.83,credit_card
biz_0109-005251,2024-11-25 14:50:08,17.7,mada
biz_0109-005288,2024-11-25 14:53:46,26.2,mada
biz_0109-005294,2024-11-25 15:23:22,36.58,credit_card
biz_0109-005292,2024-11-25 15:27:54,20.51,cash
biz_0109-005254,2024-11-25 15:32:42,26.24,mada
biz_0109-005241,2024-11-25 15:54:45,28.19,mada
biz_0109-005291,2024-11-25 16:07:05,18.85,credit_card
biz_0109-005270,2024-11-25 16:08:23,57.38,mada
biz_0109-005282,2024-11-25 16:12:33,21.02,mada
biz_0109-005237,2024-11-25 16:18:32,34.06,cash
biz_0109-005306,2024-11-25 16:30:20,33.76,mada
biz_0109-005305,2024-11-25 16:35:10,31.77,mada
biz_0109-005309,2024-11-25 16:42:30,51.78,mada
biz_0109-005231,2024-11-25 16:49:33,18.71,mada
biz_0109-005256,2024-11-25 17:00:29,16.0,mada
biz_0109-005313,2024-11-25 17:07:08,65.29,cash
biz_0109-005300,2024-11-25 17:16:47,34.0,credit_card
biz_0109-005226,2024-11-25 17:24:09,31.57,mada
biz_0109-005310,2024-11-25 17:28:04,22.95,mada
biz_0109-005238,2024-11-25 17:29:32,30.51,cash
biz_0109-005236,2024-11-25 17:31:34,25.46,mada
biz_0109-005246,2024-11-25 17:32:50,11.58,mada
biz_0109-005290,2024-11-25 17:33:06,11.08,mada
biz_0109-005271,2024-11-25 17:39:41,42.55,cash
biz_0109-005268,2024-11-25 17:52:07,39.33,mada
biz_0109-005283,2024-11-25 17:58:32,30.17,mada
biz_0109-005298,2024-11-25 18:03:03,55.34,mada
biz_0109-005277,2024-11-25 18:31:40,36.58,mada
biz_0109-005234,2024-11-25 18:37:25,15.58,credit_card
biz_0109-005304,2024-11-25 18:41:33,26.51,cash
biz_0109-005220,2024-11-25 18:54:08,62.31,mada
biz_0109-005222,2024-11-25 19:08:28,32.29,credit_card
biz_0109-005276,2024-11-25 19:21:15,25.34,mada
biz_0109-005312,2024-11-25 19:25:55,57.67,mada
biz_0109-005286,2024-11-25 20:00:24,37.17,mada
biz_0109-005259,2024-11-25 21:38:29,18.83,mada
biz_0109-005385,2024-11-26 04:57:37,71.6,cash
biz_0109-005418,2024-11-26 06:08:27,23.45,mada
biz_0109-005406,2024-11-26 07:24:08,34.66,cash
biz_0109-005410,2024-11-26 07:31:06,40.39,mada
biz_0109-005344,2024-11-26 07:38:33,20.6,cash
biz_0109-005408,2024-11-26 07:45:48,25.06,mada
biz_0109-005398,2024-11-26 07:46:57,36.16,mada
biz_0109-005329,2024-11-26 07:52:52,21.13,mada
biz_0109-005423,2024-11-26 07:56:44,31.96,credit_card
biz_0109-005382,2024-11-26 08:00:42,28.69,mada
biz_0109-005400,2024-11-26 08:06:15,21.49,mada
biz_0109-005316,2024-11-26 08:06:35,31.92,mada
biz_0109-005319,2024-11-26 08:09:10,28.62,cash
biz_0109-005352,2024-11-26 08:13:33,17.65,cash
biz_0109-005386,2024-11-26 08:16:56,50.7,mada
biz_0109-005325,2024-11-26 08:19:35,45.45,cash
biz_0109-005390,2024-11-26 08:26:20,50.89,mada
biz_0109-005394,2024-11-26 08:46:31,21.1,mada
biz_0109-005336,2024-11-26 08:53:30,12.36,mada
biz_0109-005420,2024-11-26 09:00:40,30.83,cash
biz_0109-005396,2024-11-26 09:05:21,34.33,mada
biz_0109-005384,2024-11-26 09:06:13,35.63,mada
biz_0109-005340,2024-11-26 09:06:46,12.46,mada
biz_0109-005322,2024-11-26 09:08:19,26.59,mada
biz_0109-005416,2024-11-26 09:21:06,34.38,mada
biz_0109-005375,2024-11-26 09:21:31,24.15,mada
biz_0109-005353,2024-11-26 09:28:25,51.88,credit_card
biz_0109-005339,2024-11-26 09:30:28,43.18,credit_card
biz_0109-005383,2024-11-26 09:53:22,8.71,mada
biz_0109-005354,2024-11-26 10:24:00,32.88,credit_card
biz_0109-005366,2024-11-26 10:27:22,65.31,mada
biz_0109-005338,2024-11-26 10:33:15,17.68,mada
biz_0109-005374,2024-11-26 10:40:49,77.51,mada
biz_0109-005401,2024-11-26 10:44:51,14.43,cash
biz_0109-005341,2024-11-26 10:53:19,39.27,mada
biz_0109-005317,2024-11-26 11:31:44,46.28,cash
biz_0109-005348,2024-11-26 11:43:32,19.33,credit_card
biz_0109-005358,2024-11-26 11:43:44,61.72,cash
biz_0109-005334,2024-11-26 11:46:41,25.44,mada
biz_0109-005351,2024-11-26 11:46:48,21.3,mada
biz_0109-005347,2024-11-26 12:12:00,30.11,cash
biz_0109-005424,2024-11-26 12:13:48,12.78,mada
biz_0109-005323,2024-11-26 12:20:43,26.45,mada
biz_0109-005328,2024-11-26 12:44:29,26.22,cash
biz_0109-005407,2024-11-26 12:46:15,66.01,mada
biz_0109-005412,2024-11-26 12:46:17,28.33,mada
biz_0109-005381,2024-11-26 12:53:09,20.61,mada
biz_0109-005342,2024-11-26 12:56:43,31.45,mada
biz_0109-005343,2024-11-26 13:04:07,29.96,mada
biz_0109-005356,2024-11-26 13:11:31,19.23,cash
biz_0109-005345,2024-11-26 13:16:21,26.43,mada
biz_0109-005370,2024-11-26 13:18:53,23.13,mada
biz_0109-005355,2024-11-26 13:27:56,28.22,mada
biz_0109-005387,2024-11-26 13:38:25,29.01,mada
biz_0109-005369,2024-11-26 13:44:59,10.02,cash
biz_0109-005315,2024-11-26 13:46:00,11.63,mada
biz_0109-005363,2024-11-26 13:48:42,31.74,mada
biz_0109-005357,2024-11-26 13:59:01,33.75,mada
biz_0109-005413,2024-11-26 13:59:10,29.67,mada
biz_0109-005399,2024-11-26 14:07:40,19.19,credit_card
biz_0109-005417,2024-11-26 14:08:30,18.66,mada
biz_0109-005320,2024-11-26 14:09:00,20.4,mada
biz_0109-005332,2024-11-26 14:11:50,39.07,mada
biz_0109-005365,2024-11-26 14:12:29,35.52,mada
biz_0109-005376,2024-11-26 14:17:37,55.42,mada
biz_0109-005360,2024-11-26 14:20:33,31.82,credit_card
biz_0109-005389,2024-11-26 14:31:46,10.25,mada
biz_0109-005337,2024-11-26 14:43:25,21.57,mada
biz_0109-005378,2024-11-26 14:48:36,67.68,mada
biz_0109-005405,2024-11-26 14:48:51,18.47,mada
biz_0109-005361,2024-11-26 14:54:45,17.09,mada
biz_0109-005388,2024-11-26 14:56:56,29.82,mada
biz_0109-005415,2024-11-26 14:57:12,34.36,cash
biz_0109-005318,2024-11-26 15:07:37,17.28,mada
biz_0109-005330,2024-11-26 15:31:21,19.41,mada
biz_0109-005350,2024-11-26 15:37:43,19.64,mada
biz_0109-005364,2024-11-26 15:40:36,37.11,cash
biz_0109-005414,2024-11-26 16:05:56,20.84,credit_card
biz_0109-005373,2024-11-26 16:08:41,27.16,mada
biz_0109-005326,2024-11-26 16:21:13,29.09,mada
biz_0109-005377,2024-11-26 16:23:22,32.89,mada
biz_0109-005409,2024-11-26 16:28:34,27.19,mada
biz_0109-005397,2024-11-26 16:39:04,48.9,cash
biz_0109-005372,2024-11-26 16:39:33,32.16,credit_card
biz_0109-005404,2024-11-26 16:40:52,59.96,mada
biz_0109-005380,2024-11-26 16:43:27,44.09,mada
biz_0109-005349,2024-11-26 16:49:43,24.02,mada
biz_0109-005391,2024-11-26 16:54:36,22.14,mada
biz_0109-005422,2024-11-26 16:56:09,39.49,credit_card
biz_0109-005346,2024-11-26 17:05:02,29.37,mada
biz_0109-005395,2024-11-26 17:13:55,26.78,cash
biz_0109-005331,2024-11-26 17:19:26,22.88,mada
biz_0109-005403,2024-11-26 17:24:11,21.39,mada
biz_0109-005335,2024-11-26 17:24:28,26.08,cash
biz_0109-005419,2024-11-26 17:32:29,63.04,mada
biz_0109-005368,2024-11-26 17:43:11,19.31,credit_card
biz_0109-005379,2024-11-26 17:46:44,20.67,credit_card
biz_0109-005393,2024-11-26 17:47:38,21.7,cash
biz_0109-005371,2024-11-26 17:56:32,18.81,credit_card
biz_0109-005359,2024-11-26 17:57:54,41.61,credit_card
biz_0109-005362,2024-11-26 18:03:33,80.74,mada
biz_0109-005367,2024-11-26 18:11:21,31.67,mada
biz_0109-005402,2024-11-26 18:29:38,19.78,mada
biz_0109-005411,2024-11-26 18:33:19,68.49,mada
biz_0109-005321,2024-11-26 18:53:37,7.96,mada
biz_0109-005327,2024-11-26 18:55:41,20.2,mada
biz_0109-005333,2024-11-26 19:04:24,30.22,credit_card
biz_0109-005324,2024-11-26 19:35:25,41.05,mada
biz_0109-005421,2024-11-26 19:43:58,38.25,mada
biz_0109-005392,2024-11-26 20:16:38,20.86,cash
biz_0109-005503,2024-11-27 05:03:55,38.38,mada
biz_0109-005449,2024-11-27 07:16:06,33.75,cash
biz_0109-005472,2024-11-27 07:23:18,30.32,mada
biz_0109-005513,2024-11-27 07:24:43,17.62,cash
biz_0109-005487,2024-11-27 07:25:05,58.9,cash
biz_0109-005471,2024-11-27 07:26:11,18.26,credit_card
biz_0109-005528,2024-11-27 07:27:20,31.46,mada
biz_0109-005440,2024-11-27 07:28:08,57.22,mada
biz_0109-005462,2024-11-27 07:51:27,10.93,mada
biz_0109-005497,2024-11-27 08:03:58,21.2,mada
biz_0109-005484,2024-11-27 08:16:36,18.42,cash
biz_0109-005532,2024-11-27 08:18:57,35.97,credit_card
biz_0109-005478,2024-11-27 08:21:03,12.85,mada
biz_0109-005435,2024-11-27 08:22:39,17.84,cash
biz_0109-005506,2024-11-27 08:23:18,56.02,mada
biz_0109-005496,2024-11-27 08:25:17,27.43,mada
biz_0109-005475,2024-11-27 08:30:49,20.88,mada
biz_0109-005479,2024-11-27 08:31:58,17.39,credit_card
biz_0109-005477,2024-11-27 08:35:41,14.66,mada
biz_0109-005488,2024-11-27 08:45:43,33.31,mada
biz_0109-005465,2024-11-27 08:54:44,16.25,credit_card
biz_0109-005508,2024-11-27 09:06:58,12.71,mada
biz_0109-005500,2024-11-27 09:18:19,21.13,mada
biz_0109-005469,2024-11-27 09:19:32,31.97,mada
biz_0109-005445,2024-11-27 09:25:04,20.49,cash
biz_0109-005466,2024-11-27 09:27:50,15.96,mada
biz_0109-005499,2024-11-27 09:38:25,36.56,cash
biz_0109-005434,2024-11-27 09:39:58,56.35,mada
biz_0109-005518,2024-11-27 09:53:00,12.45,credit_card
biz_0109-005517,2024-11-27 09:54:36,35.08,credit_card
biz_0109-005524,2024-11-27 09:59:25,20.81,mada
biz_0109-005438,2024-11-27 10:04:26,28.48,mada
biz_0109-005464,2024-11-27 10:12:49,23.0,mada
biz_0109-005507,2024-11-27 10:28:43,22.56,cash
biz_0109-005456,2024-11-27 10:34:10,53.85,cash
biz_0109-005443,2024-11-27 10:44:49,20.51,cash
biz_0109-005453,2024-11-27 11:07:12,27.42,mada
biz_0109-005489,2024-11-27 11:25:18,58.56,mada
biz_0109-005427,2024-11-27 12:00:48,15.02,mada
biz_0109-005451,2024-11-27 12:01:02,17.98,cash
biz_0109-005442,2024-11-27 12:08:31,14.51,mada
biz_0109-005525,2024-11-27 12:08:47,31.43,cash
biz_0109-005425,2024-11-27 12:43:41,25.67,credit_card
biz_0109-005530,2024-11-27 12:54:38,18.85,mada
biz_0109-005447,2024-11-27 13:00:12,29.36,mada
biz_0109-005485,2024-11-27 13:03:04,43.06,mada
biz_0109-005432,2024-11-27 13:07:05,37.56,cash
biz_0109-005505,2024-11-27 13:08:30,42.02,mada
biz_0109-005470,2024-11-27 13:18:15,20.88,mada
biz_0109-005468,2024-11-27 13:22:32,20.07,cash
biz_0109-005483,2024-11-27 13:26:33,39.75,mada
biz_0109-005461,2024-11-27 13:33:37,54.96,mada
biz_0109-005493,2024-11-27 13:38:00,42.45,mada
biz_0109-005436,2024-11-27 14:00:03,28.18,credit_card
biz_0109-005504,2024-11-27 14:04:21,17.04,mada
biz_0109-005494,2024-11-27 14:15:49,38.93,mada
biz_0109-005481,2024-11-27 14:19:03,17.99,cash
biz_0109-005495,2024-11-27 14:25:54,45.01,mada
biz_0109-005452,2024-11-27 14:27:40,28.61,mada
biz_0109-005521,2024-11-27 14:32:24,23.14,mada
biz_0109-005476,2024-11-27 14:36:14,31.85,mada
biz_0109-005428,2024-11-27 14:48:45,19.44,mada
biz_0109-005531,2024-11-27 14:52:28,17.61,mada
biz_0109-005514,2024-11-27 14:53:57,28.72,mada
biz_0109-005490,2024-11-27 15:11:04,17.24,mada
biz_0109-005523,2024-11-27 15:11:44,17.47,mada
biz_0109-005520,2024-11-27 15:28:37,20.37,mada
biz_0109-005463,2024-11-27 15:29:32,53.75,mada
biz_0109-005458,2024-11-27 15:50:57,16.1,mada
biz_0109-005459,2024-11-27 15:55:34,23.31,mada
biz_0109-005486,2024-11-27 16:04:58,23.03,mada
biz_0109-005444,2024-11-27 16:10:02,33.57,mada
biz_0109-005426,2024-11-27 16:12:30,35.52,mada
biz_0109-005522,2024-11-27 16:12:46,25.32,mada
biz_0109-005492,2024-11-27 16:17:27,21.09,mada
biz_0109-005467,2024-11-27 16:28:06,20.46,credit_card
biz_0109-005437,2024-11-27 16:32:04,25.98,mada
biz_0109-005431,2024-11-27 16:42:01,21.72,cash
biz_0109-005519,2024-11-27 16:49:00,30.65,mada
biz_0109-005433,2024-11-27 16:51:47,36.17,cash
biz_0109-005501,2024-11-27 16:57:40,92.99,mada
biz_0109-005526,2024-11-27 16:58:12,8.37,mada
biz_0109-005429,2024-11-27 17:05:16,35.81,mada
biz_0109-005441,2024-11-27 17:11:59,29.8,mada
biz_0109-005510,2024-11-27 17:39:41,36.89,mada
biz_0109-005439,2024-11-27 17:40:00,37.34,cash
biz_0109-005457,2024-11-27 17:43:26,34.69,credit_card
biz_0109-005516,2024-11-27 17:46:35,27.37,mada
biz_0109-005529,2024-11-27 17:49:15,20.23,mada
biz_0109-005511,2024-11-27 17:55:32,23.08,mada
biz_0109-005502,2024-11-27 17:57:13,24.72,mada
biz_0109-005498,2024-11-27 18:06:37,33.85,mada
biz_0109-005509,2024-11-27 18:11:12,36.57,credit_card
biz_0109-005474,2024-11-27 18:23:29,16.17,cash
biz_0109-005448,2024-11-27 18:25:07,59.16,mada
biz_0109-005430,2024-11-27 18:31:29,29.83,cash
biz_0109-005454,2024-11-27 18:34:05,19.68,cash
biz_0109-005491,2024-11-27 18:37:19,35.32,mada
biz_0109-005480,2024-11-27 18:44:18,22.57,credit_card
biz_0109-005450,2024-11-27 18:45:22,53.2,cash
biz_0109-005473,2024-11-27 18:46:30,17.39,cash
biz_0109-005515,2024-11-27 18:47:05,20.98,credit_card
biz_0109-005482,2024-11-27 18:52:39,16.8,cash
biz_0109-005460,2024-11-27 18:55:04,22.88,mada
biz_0109-005527,2024-11-27 19:13:39,51.55,cash
biz_0109-005455,2024-11-27 19:27:14,21.94,mada
biz_0109-005446,2024-11-27 19:38:16,77.06,credit_card
biz_0109-005512,2024-11-27 19:58:46,25.38,mada
biz_0109-005571,2024-11-28 04:30:11,26.3,mada
biz_0109-005572,2024-11-28 06:15:50,23.61,mada
biz_0109-005548,2024-11-28 07:17:37,22.77,mada
biz_0109-005536,2024-11-28 07:43:33,23.05,mada
biz_0109-005579,2024-11-28 07:58:33,16.92,cash
biz_0109-005598,2024-11-28 08:04:52,39.82,credit_card
biz_0109-005546,2024-11-28 08:14:25,28.16,mada
biz_0109-005556,2024-11-28 08:38:36,18.1,cash
biz_0109-005552,2024-11-28 08:44:58,22.18,credit_card
biz_0109-005581,2024-11-28 08:45:36,28.09,mada
biz_0109-005584,2024-11-28 08:59:31,35.61,cash
biz_0109-005589,2024-11-28 09:03:24,22.48,cash
biz_0109-005591,2024-11-28 09:17:18,28.52,cash
biz_0109-005542,2024-11-28 09:18:35,35.34,mada
biz_0109-005601,2024-11-28 09:19:07,26.16,credit_card
biz_0109-005566,2024-11-28 09:23:10,28.1,mada
biz_0109-005595,2024-11-28 09:27:17,13.77,cash
biz_0109-005555,2024-11-28 09:34:44,57.46,mada
biz_0109-005547,2024-11-28 09:46:51,26.03,mada
biz_0109-005574,2024-11-28 10:07:36,9.55,cash
biz_0109-005551,2024-11-28 10:41:19,51.41,mada
biz_0109-005534,2024-11-28 10:54:17,34.34,mada
biz_0109-005537,2024-11-28 10:55:09,30.83,cash
biz_0109-005603,2024-11-28 10:56:20,39.87,mada
biz_0109-005538,2024-11-28 10:58:33,42.83,mada
biz_0109-005567,2024-11-28 11:08:39,25.44,credit_card
biz_0109-005608,2024-11-28 11:21:38,26.5,mada
biz_0109-005586,2024-11-28 11:32:26,36.25,cash
biz_0109-005575,2024-11-28 11:36:41,29.62,mada
biz_0109-005564,2024-11-28 11:37:13,18.12,credit_card
biz_0109-005535,2024-11-28 11:43:08,16.97,cash
biz_0109-005583,2024-11-28 11:50:24,12.86,credit_card
biz_0109-005550,2024-11-28 11:50:30,32.07,mada
biz_0109-005587,2024-11-28 11:52:44,36.25,cash
biz_0109-005562,2024-11-28 12:02:18,39.23,mada
biz_0109-005557,2024-11-28 12:13:25,83.45,mada
biz_0109-005585,2024-11-28 12:22:45,29.04,mada
biz_0109-005544,2024-11-28 12:29:52,26.44,cash
biz_0109-005553,2024-11-28 13:21:15,16.68,mada
biz_0109-005576,2024-11-28 13:21:52,45.99,mada
biz_0109-005604,2024-11-28 13:27:59,34.0,mada
biz_0109-005582,2024-11-28 13:46:25,47.24,mada
biz_0109-005578,2024-11-28 13:50:39,34.02,cash
biz_0109-005539,2024-11-28 13:51:58,27.35,mada
biz_0109-005570,2024-11-28 14:34:32,32.81,cash
biz_0109-005610,2024-11-28 14:56:45,58.98,mada
biz_0109-005613,2024-11-28 14:59:48,34.39,mada
biz_0109-005554,2024-11-28 15:10:59,34.99,mada
biz_0109-005565,2024-11-28 15:13:59,58.14,cash
biz_0109-005605,2024-11-28 15:19:18,46.12,mada
biz_0109-005594,2024-11-28 15:29:10,24.24,mada
biz_0109-005545,2024-11-28 15:56:59,32.27,mada
biz_0109-005561,2024-11-28 16:12:10,26.48,cash
biz_0109-005580,2024-11-28 16:36:11,18.02,mada
biz_0109-005612,2024-11-28 16:37:39,23.64,cash
biz_0109-005569,2024-11-28 16:38:34,15.89,credit_card
biz_0109-005611,2024-11-28 16:42:43,15.09,mada
biz_0109-005593,2024-11-28 16:50:08,42.5,cash
biz_0109-005609,2024-11-28 16:52:02,19.78,mada
biz_0109-005560,2024-11-28 16:56:42,28.95,mada
biz_0109-005600,2024-11-28 17:06:43,51.75,mada
biz_0109-005592,2024-11-28 17:07:51,40.87,mada
biz_0109-005602,2024-11-28 17:08:04,32.88,mada
biz_0109-005606,2024-11-28 17:15:36,37.85,mada
biz_0109-005558,2024-11-28 17:31:24,14.94,cash
biz_0109-005541,2024-11-28 17:31:26,23.81,credit_card
biz_0109-005596,2024-11-28 18:23:39,21.26,cash
biz_0109-005577,2024-11-28 18:36:58,22.37,mada
biz_0109-005590,2024-11-28 18:38:30,51.92,mada
biz_0109-005549,2024-11-28 18:47:45,38.49,mada
biz_0109-005533,2024-11-28 18:51:03,28.03,mada
biz_0109-005573,2024-11-28 18:53:22,24.12,credit_card
biz_0109-005543,2024-11-28 18:55:36,29.83,cash
biz_0109-005607,2024-11-28 19:08:22,39.12,credit_card
biz_0109-005563,2024-11-28 19:24:26,29.98,mada
biz_0109-005540,2024-11-28 19:31:34,27.84,cash
biz_0109-005597,2024-11-28 19:51:20,12.67,credit_card
biz_0109-005568,2024-11-28 19:59:54,36.38,mada
biz_0109-005559,2024-11-28 20:17:41,24.94,mada
biz_0109-005599,2024-11-28 21:10:18,24.2,mada
biz_0109-005588,2024-11-28 23:16:04,52.53,mada
biz_0109-005733,2024-11-29 05:28:05,35.2,mada
biz_0109-005682,2024-11-29 06:54:31,26.29,mada
biz_0109-005619,2024-11-29 07:00:12,28.28,cash
biz_0109-005644,2024-11-29 07:06:28,32.08,mada
biz_0109-005730,2024-11-29 07:07:32,21.55,credit_card
biz_0109-005698,2024-11-29 07:25:38,20.89,cash
biz_0109-005627,2024-11-29 07:29:37,33.26,mada
biz_0109-005618,2024-11-29 07:33:52,11.7,mada
biz_0109-005662,2024-11-29 07:36:55,26.34,mada
biz_0109-005668,2024-11-29 08:06:52,22.51,mada
biz_0109-005713,2024-11-29 08:10:34,57.4,cash
biz_0109-005639,2024-11-29 08:14:00,24.84,cash
biz_0109-005736,2024-11-29 08:23:17,45.5,cash
biz_0109-005650,2024-11-29 08:26:21,30.27,mada
biz_0109-005740,2024-11-29 08:26:49,23.63,mada
biz_0109-005670,2024-11-29 08:27:21,25.77,credit_card
biz_0109-005630,2024-11-29 08:33:15,53.63,mada
biz_0109-005667,2024-11-29 08:39:09,24.07,mada
biz_0109-005711,2024-11-29 08:39:17,36.48,credit_card
biz_0109-005615,2024-11-29 08:45:00,37.67,cash
biz_0109-005666,2024-11-29 08:52:53,27.73,credit_card
biz_0109-005616,2024-11-29 08:59:37,25.56,mada
biz_0109-005731,2024-11-29 08:59:39,20.24,mada
biz_0109-005679,2024-11-29 09:13:11,23.07,mada
biz_0109-005722,2024-11-29 09:16:24,31.67,cash
biz_0109-005686,2024-11-29 09:16:27,49.02,mada
biz_0109-005637,2024-11-29 09:23:36,16.6,mada
biz_0109-005660,2024-11-29 09:29:39,27.79,mada
biz_0109-005691,2024-11-29 09:38:48,21.86,mada
biz_0109-005673,2024-11-29 10:10:17,18.68,mada
biz_0109-005643,2024-11-29 10:15:10,39.84,credit_card
biz_0109-005738,2024-11-29 10:26:47,15.7,mada
biz_0109-005661,2024-11-29 10:29:15,21.74,credit_card
biz_0109-005718,2024-11-29 10:33:38,20.73,mada
biz_0109-005614,2024-11-29 10:35:06,33.77,mada
biz_0109-005655,2024-11-29 10:40:08,23.95,mada
biz_0109-005732,2024-11-29 10:41:12,38.91,cash
biz_0109-005700,2024-11-29 10:43:35,13.31,credit_card
biz_0109-005735,2024-11-29 10:53:15,53.63,cash
biz_0109-005694,2024-11-29 11:05:15,39.18,credit_card
biz_0109-005663,2024-11-29 11:06:57,45.43,credit_card
biz_0109-005717,2024-11-29 11:14:15,17.88,mada
biz_0109-005647,2024-11-29 11:15:52,16.84,cash
biz_0109-005654,2024-11-29 11:22:47,41.94,credit_card
biz_0109-005629,2024-11-29 11:23:29,74.99,cash
biz_0109-005697,2024-11-29 11:58:37,37.85,cash
biz_0109-005625,2024-11-29 11:58:47,24.91,cash
biz_0109-005720,2024-11-29 12:01:22,28.95,mada
biz_0109-005693,2024-11-29 12:03:28,17.4,mada
biz_0109-005688,2024-11-29 12:07:05,30.56,mada
biz_0109-005712,2024-11-29 12:10:07,115.29,mada
biz_0109-005656,2024-11-29 12:13:49,29.49,mada
biz_0109-005706,2024-11-29 12:30:49,41.6,mada
biz_0109-005626,2024-11-29 12:35:30,21.74,mada
biz_0109-005703,2024-11-29 12:36:00,14.36,credit_card
biz_0109-005676,2024-11-29 12:37:50,18.61,cash
biz_0109-005683,2024-11-29 12:43:00,50.94,mada
biz_0109-005684,2024-11-29 12:44:42,9.37,mada
biz_0109-005642,2024-11-29 12:58:08,33.51,mada
biz_0109-005681,2024-11-29 13:03:09,17.52,mada
biz_0109-005716,2024-11-29 13:03:31,27.33,mada
biz_0109-005659,2024-11-29 13:03:37,23.11,mada
biz_0109-005708,2024-11-29 13:05:12,27.94,credit_card
biz_0109-005677,2024-11-29 13:08:08,19.17,mada
biz_0109-005696,2024-11-29 13:16:13,47.09,mada
biz_0109-005699,2024-11-29 13:18:54,36.22,mada
biz_0109-005705,2024-11-29 13:27:09,44.4,mada
biz_0109-005641,2024-11-29 13:29:32,25.33,credit_card
biz_0109-005680,2024-11-29 13:29:53,54.9,mada
biz_0109-005702,2024-11-29 13:33:16,29.62,cash
biz_0109-005710,2024-11-29 13:36:55,83.11,mada
biz_0109-005723,2024-11-29 13:41:37,69.91,mada
biz_0109-005701,2024-11-29 13:56:44,24.27,credit_card
biz_0109-005678,2024-11-29 14:12:03,61.58,cash
biz_0109-005739,2024-11-29 14:12:50,28.48,mada
biz_0109-005727,2024-11-29 14:29:56,12.34,mada
biz_0109-005646,2024-11-29 14:31:36,10.25,mada
biz_0109-005715,2024-11-29 14:32:34,41.06,mada
biz_0109-005617,2024-11-29 14:42:02,29.49,mada
biz_0109-005704,2024-11-29 14:57:20,17.31,cash
biz_0109-005669,2024-11-29 15:34:23,41.19,mada
biz_0109-005621,2024-11-29 15:36:08,22.42,cash
biz_0109-005640,2024-11-29 15:40:52,34.05,credit_card
biz_0109-005675,2024-11-29 16:15:25,19.7,mada
biz_0109-005664,2024-11-29 16:26:02,31.75,cash
biz_0109-005689,2024-11-29 16:29:27,32.06,mada
biz_0109-005672,2024-11-29 16:35:16,43.75,mada
biz_0109-005628,2024-11-29 16:38:41,57.92,mada
biz_0109-005724,2024-11-29 16:46:09,38.69,mada
biz_0109-005658,2024-11-29 16:47:14,16.88,mada
biz_0109-005709,2024-11-29 16:47:34,33.34,mada
biz_0109-005687,2024-11-29 16:50:33,33.41,mada
biz_0109-005725,2024-11-29 16:56:54,24.77,mada
biz_0109-005707,2024-11-29 16:59:38,16.8,credit_card
biz_0109-005620,2024-11-29 16:59:44,45.41,mada
biz_0109-005623,2024-11-29 17:06:43,39.38,credit_card
biz_0109-005695,2024-11-29 17:20:37,21.22,mada
biz_0109-005721,2024-11-29 17:22:10,17.59,credit_card
biz_0109-005622,2024-11-29 17:24:33,39.56,cash
biz_0109-005671,2024-11-29 17:31:38,28.34,cash
biz_0109-005645,2024-11-29 17:47:45,49.47,mada
biz_0109-005726,2024-11-29 17:50:26,11.37,mada
biz_0109-005635,2024-11-29 17:57:58,52.77,cash
biz_0109-005633,2024-11-29 18:02:43,14.05,mada
biz_0109-005649,2024-11-29 18:05:51,18.37,credit_card
biz_0109-005632,2024-11-29 18:14:11,43.06,mada
biz_0109-005636,2024-11-29 18:22:21,16.09,mada
biz_0109-005631,2024-11-29 18:26:27,27.32,mada
biz_0109-005634,2024-11-29 18:28:39,36.85,cash
biz_0109-005737,2024-11-29 18:36:58,18.62,mada
biz_0109-005653,2024-11-29 18:38:30,17.12,credit_card
biz_0109-005719,2024-11-29 18:46:44,28.05,mada
biz_0109-005714,2024-11-29 18:48:18,58.03,cash
biz_0109-005674,2024-11-29 18:48:33,31.74,mada
biz_0109-005685,2024-11-29 18:49:17,18.17,cash
biz_0109-005690,2024-11-29 18:58:29,21.45,mada
biz_0109-005638,2024-11-29 18:59:02,43.85,mada
biz_0109-005651,2024-11-29 18:59:44,15.85,mada
biz_0109-005728,2024-11-29 19:08:09,17.82,credit_card
biz_0109-005657,2024-11-29 19:14:08,40.2,mada
biz_0109-005652,2024-11-29 19:16:19,36.49,mada
biz_0109-005729,2024-11-29 19:52:46,55.49,mada
biz_0109-005648,2024-11-29 20:39:41,32.17,cash
biz_0109-005734,2024-11-29 20:48:36,24.56,mada
biz_0109-005624,2024-11-29 21:11:23,19.91,mada
biz_0109-005665,2024-11-29 21:12:59,84.25,mada
biz_0109-005692,2024-11-29 21:45:27,57.89,credit_card
biz_0109-005801,2024-11-30 06:43:13,30.38,mada
biz_0109-005774,2024-11-30 07:07:29,31.15,mada
biz_0109-005809,2024-11-30 07:39:35,46.26,mada
biz_0109-005756,2024-11-30 07:44:44,47.22,mada
biz_0109-005795,2024-11-30 07:48:16,25.82,mada
biz_0109-005807,2024-11-30 07:58:09,23.14,credit_card
biz_0109-005750,2024-11-30 08:24:31,40.32,mada
biz_0109-005773,2024-11-30 08:25:04,59.08,mada
biz_0109-005816,2024-11-30 08:26:25,41.51,mada
biz_0109-005794,2024-11-30 08:29:44,27.03,mada
biz_0109-005811,2024-11-30 08:30:42,21.98,mada
biz_0109-005812,2024-11-30 08:40:58,24.74,credit_card
biz_0109-005804,2024-11-30 08:45:16,16.14,mada
biz_0109-005814,2024-11-30 08:48:15,15.2,credit_card
biz_0109-005758,2024-11-30 08:51:50,28.12,mada
biz_0109-005761,2024-11-30 09:03:38,26.16,mada
biz_0109-005751,2024-11-30 09:12:57,13.16,mada
biz_0109-005757,2024-11-30 09:46:20,12.26,mada
biz_0109-005759,2024-11-30 09:49:50,12.87,mada
biz_0109-005766,2024-11-30 10:01:03,21.21,mada
biz_0109-005815,2024-11-30 10:09:02,19.63,mada
biz_0109-005800,2024-11-30 10:49:02,46.04,mada
biz_0109-005806,2024-11-30 11:26:16,53.31,mada
biz_0109-005813,2024-11-30 11:32:04,32.54,cash
biz_0109-005764,2024-11-30 11:41:35,24.72,cash
biz_0109-005748,2024-11-30 11:42:51,57.74,mada
biz_0109-005799,2024-11-30 11:56:39,34.87,cash
biz_0109-005808,2024-11-30 12:15:08,19.32,mada
biz_0109-005785,2024-11-30 12:25:54,45.51,mada
biz_0109-005791,2024-11-30 12:30:37,23.49,cash
biz_0109-005742,2024-11-30 12:34:58,20.18,mada
biz_0109-005749,2024-11-30 12:55:09,76.74,mada
biz_0109-005803,2024-11-30 13:01:26,7.32,mada
biz_0109-005752,2024-11-30 13:05:36,25.0,mada
biz_0109-005792,2024-11-30 13:07:14,31.51,mada
biz_0109-005818,2024-11-30 13:08:12,14.44,mada
biz_0109-005786,2024-11-30 13:09:05,25.24,mada
biz_0109-005784,2024-11-30 13:10:20,29.85,mada
biz_0109-005797,2024-11-30 13:14:59,38.29,cash
biz_0109-005790,2024-11-30 13:20:07,22.15,mada
biz_0109-005777,2024-11-30 13:26:17,65.33,mada
biz_0109-005769,2024-11-30 13:28:52,29.36,mada
biz_0109-005817,2024-11-30 13:30:27,48.82,cash
biz_0109-005765,2024-11-30 13:32:02,28.85,mada
biz_0109-005787,2024-11-30 13:55:31,22.38,mada
biz_0109-005746,2024-11-30 13:56:07,41.16,cash
biz_0109-005778,2024-11-30 14:07:59,29.74,mada
biz_0109-005788,2024-11-30 14:08:29,34.93,mada
biz_0109-005789,2024-11-30 14:14:03,18.04,credit_card
biz_0109-005793,2024-11-30 14:16:26,38.18,mada
biz_0109-005753,2024-11-30 14:20:53,36.91,cash
biz_0109-005743,2024-11-30 14:41:09,27.68,mada
biz_0109-005767,2024-11-30 14:41:30,15.38,mada
biz_0109-005782,2024-11-30 14:42:02,55.72,credit_card
biz_0109-005796,2024-11-30 14:48:33,48.79,credit_card
biz_0109-005745,2024-11-30 15:17:46,67.79,mada
biz_0109-005819,2024-11-30 15:52:21,11.58,mada
biz_0109-005802,2024-11-30 16:05:06,18.29,mada
biz_0109-005768,2024-11-30 16:22:26,25.98,credit_card
biz_0109-005779,2024-11-30 16:43:16,33.14,mada
biz_0109-005744,2024-11-30 16:47:02,28.1,mada
biz_0109-005822,2024-11-30 16:48:12,34.11,mada
biz_0109-005783,2024-11-30 17:00:01,44.88,cash
biz_0109-005772,2024-11-30 17:09:07,26.59,cash
biz_0109-005763,2024-11-30 17:12:41,15.61,mada
biz_0109-005747,2024-11-30 17:14:51,34.78,credit_card
biz_0109-005821,2024-11-30 17:20:05,14.33,mada
biz_0109-005781,2024-11-30 17:38:15,23.87,mada
biz_0109-005775,2024-11-30 17:40:31,29.49,credit_card
biz_0109-005754,2024-11-30 17:41:21,23.5,credit_card
biz_0109-005755,2024-11-30 17:48:33,23.69,credit_card
biz_0109-005771,2024-11-30 17:50:04,18.03,mada
biz_0109-005798,2024-11-30 17:54:32,21.51,credit_card
biz_0109-005780,2024-11-30 18:02:14,36.01,mada
biz_0109-005776,2024-11-30 18:14:30,32.52,mada
biz_0109-005810,2024-11-30 18:22:06,16.13,mada
biz_0109-005823,2024-11-30 18:36:27,63.06,cash
biz_0109-005805,2024-11-30 19:30:21,40.23,mada
biz_0109-005820,2024-11-30 20:25:49,11.82,cash
biz_0109-005762,2024-11-30 20:34:13,32.14,credit_card
biz_0109-005741,2024-11-30 20:56:31,20.84,mada
biz_0109-005760,2024-11-30 21:02:40,18.44,mada
biz_0109-005770,2024-11-30 22:51:43,67.36,credit_card
biz_0109-005905,2024-12-01 02:04:13,24.67,mada
biz_0109-005910,2024-12-01 06:15:09,9.86,mada
biz_0109-005859,2024-12-01 06:37:28,44.01,mada
biz_0109-005868,2024-12-01 07:01:47,48.62,mada
biz_0109-005836,2024-12-01 07:07:55,32.63,credit_card
biz_0109-005865,2024-12-01 07:10:35,24.31,mada
biz_0109-005915,2024-12-01 07:13:22,24.33,mada
biz_0109-005901,2024-12-01 07:20:20,27.75,credit_card
biz_0109-005916,2024-12-01 07:40:53,61.9,mada
biz_0109-005907,2024-12-01 07:47:18,18.41,mada
biz_0109-005838,2024-12-01 07:47:45,8.3,mada
biz_0109-005874,2024-12-01 07:52:22,19.79,mada
biz_0109-005835,2024-12-01 07:54:16,24.78,mada
biz_0109-005830,2024-12-01 07:59:42,23.13,mada
biz_0109-005899,2024-12-01 08:04:47,18.74,mada
biz_0109-005884,2024-12-01 08:04:55,34.29,mada
biz_0109-005860,2024-12-01 08:21:46,37.71,mada
biz_0109-005889,2024-12-01 08:26:16,16.31,credit_card
biz_0109-005834,2024-12-01 08:37:36,36.78,cash
biz_0109-005871,2024-12-01 08:55:14,35.37,mada
biz_0109-005857,2024-12-01 08:55:53,36.07,cash
biz_0109-005848,2024-12-01 09:04:35,29.97,cash
biz_0109-005890,2024-12-01 09:22:15,24.04,cash
biz_0109-005904,2024-12-01 09:24:41,35.35,credit_card
biz_0109-005879,2024-12-01 09:29:35,79.15,credit_card
biz_0109-005893,2024-12-01 09:29:59,16.26,mada
biz_0109-005882,2024-12-01 09:40:44,18.8,mada
biz_0109-005886,2024-12-01 09:51:16,48.64,credit_card
biz_0109-005896,2024-12-01 09:56:17,34.3,cash
biz_0109-005903,2024-12-01 09:56:34,16.94,cash
biz_0109-005873,2024-12-01 10:23:09,19.74,mada
biz_0109-005845,2024-12-01 10:55:05,28.78,cash
biz_0109-005895,2024-12-01 11:23:19,19.33,cash
biz_0109-005908,2024-12-01 11:27:10,13.17,cash
biz_0109-005918,2024-12-01 11:45:42,11.41,mada
biz_0109-005832,2024-12-01 11:45:44,33.15,cash
biz_0109-005869,2024-12-01 12:05:52,47.34,mada
biz_0109-005888,2024-12-01 12:14:20,27.38,mada
biz_0109-005872,2024-12-01 12:31:21,38.48,mada
biz_0109-005887,2024-12-01 12:32:48,26.49,mada
biz_0109-005846,2024-12-01 12:35:50,45.1,mada
biz_0109-005855,2024-12-01 12:42:08,57.61,mada
biz_0109-005898,2024-12-01 12:50:55,27.74,mada
biz_0109-005858,2024-12-01 12:52:57,15.86,mada
biz_0109-005847,2024-12-01 13:03:39,42.08,mada
biz_0109-005851,2024-12-01 13:11:00,19.99,mada
biz_0109-005833,2024-12-01 13:12:28,35.14,mada
biz_0109-005914,2024-12-01 13:18:49,30.88,mada
biz_0109-005866,2024-12-01 13:40:49,23.9,mada
biz_0109-005913,2024-12-01 13:41:47,14.69,mada
biz_0109-005878,2024-12-01 14:13:02,65.54,mada
biz_0109-005892,2024-12-01 14:13:12,33.98,mada
biz_0109-005862,2024-12-01 14:19:05,31.67,mada
biz_0109-005841,2024-12-01 14:28:39,21.03,cash
biz_0109-005891,2024-12-01 14:37:02,17.07,mada
biz_0109-005861,2024-12-01 14:40:04,47.77,credit_card
biz_0109-005906,2024-12-01 14:42:05,24.51,cash
biz_0109-005827,2024-12-01 14:49:42,9.61,cash
biz_0109-005829,2024-12-01 14:53:28,24.77,credit_card
biz_0109-005919,2024-12-01 14:57:06,17.78,cash
biz_0109-005900,2024-12-01 15:05:25,12.49,cash
biz_0109-005852,2024-12-01 15:30:38,39.52,cash
biz_0109-005867,2024-12-01 16:00:26,28.86,mada
biz_0109-005856,2024-12-01 16:04:29,32.22,mada
biz_0109-005909,2024-12-01 16:06:14,22.77,mada
biz_0109-005917,2024-12-01 16:28:26,17.66,mada
biz_0109-005837,2024-12-01 16:29:13,22.52,mada
biz_0109-005826,2024-12-01 16:36:21,21.91,cash
biz_0109-005849,2024-12-01 16:42:49,21.21,cash
biz_0109-005853,2024-12-01 16:52:48,60.04,mada
biz_0109-005854,2024-12-01 16:59:19,27.27,mada
biz_0109-005839,2024-12-01 17:05:24,37.77,mada
biz_0109-005877,2024-12-01 17:25:14,23.2,credit_card
biz_0109-005828,2024-12-01 17:33:51,19.56,mada
biz_0109-005864,2024-12-01 17:34:42,25.64,mada
biz_0109-005870,2024-12-01 17:35:43,11.99,mada
biz_0109-005875,2024-12-01 17:35:47,83.13,mada
biz_0109-005911,2024-12-01 17:38:39,29.37,mada
biz_0109-005897,2024-12-01 17:41:58,21.98,mada
biz_0109-005885,2024-12-01 17:45:21,42.89,cash
biz_0109-005850,2024-12-01 17:57:23,28.66,mada
biz_0109-005844,2024-12-01 18:10:52,28.34,mada
biz_0109-005883,2024-12-01 18:11:38,51.1,mada
biz_0109-005902,2024-12-01 18:12:57,54.55,mada
biz_0109-005843,2024-12-01 18:14:25,29.21,credit_card
biz_0109-005912,2024-12-01 18:17:34,37.84,mada
biz_0109-005831,2024-12-01 18:23:35,20.42,mada
biz_0109-005881,2024-12-01 18:36:10,22.45,mada
biz_0109-005840,2024-12-01 18:37:33,31.44,mada
biz_0109-005876,2024-12-01 18:46:43,47.7,cash
biz_0109-005894,2024-12-01 19:23:05,38.14,cash
biz_0109-005825,2024-12-01 19:37:07,16.07,mada
biz_0109-005842,2024-12-01 19:41:26,17.11,mada
biz_0109-005880,2024-12-01 19:45:59,25.03,mada
biz_0109-005824,2024-12-01 19:50:22,51.0,mada
biz_0109-005863,2024-12-01 21:21:15,24.95,credit_card
biz_0109-006018,2024-12-02 04:22:08,20.77,mada
biz_0109-006017,2024-12-02 06:37:02,12.71,cash
biz_0109-005931,2024-12-02 07:06:42,26.52,mada
biz_0109-006003,2024-12-02 07:23:22,35.62,mada
biz_0109-005961,2024-12-02 07:29:31,31.31,mada
biz_0109-005935,2024-12-02 08:02:41,31.52,cash
biz_0109-005942,2024-12-02 08:09:54,30.64,credit_card
biz_0109-005925,2024-12-02 08:11:50,46.15,cash
biz_0109-005945,2024-12-02 08:13:56,34.68,mada
biz_0109-005922,2024-12-02 08:18:22,12.6,mada
biz_0109-006016,2024-12-02 08:25:03,26.35,credit_card
biz_0109-006020,2024-12-02 08:25:50,42.21,cash
biz_0109-005997,2024-12-02 08:31:22,8.35,mada
biz_0109-006014,2024-12-02 08:38:40,37.79,credit_card
biz_0109-005975,2024-12-02 08:50:33,24.29,mada
biz_0109-005970,2024-12-02 08:55:29,72.4,mada
biz_0109-005951,2024-12-02 08:57:03,31.14,mada
biz_0109-005967,2024-12-02 09:02:57,31.67,credit_card
biz_0109-005933,2024-12-02 09:15:53,24.75,mada
biz_0109-005955,2024-12-02 09:18:15,16.36,mada
biz_0109-005924,2024-12-02 09:18:25,21.15,mada
biz_0109-005984,2024-12-02 09:18:29,15.03,credit_card
biz_0109-005921,2024-12-02 09:26:48,80.5,mada
biz_0109-005950,2024-12-02 09:33:48,21.31,mada
biz_0109-005956,2024-12-02 09:38:08,21.64,credit_card
biz_0109-006008,2024-12-02 09:38:50,23.57,mada
biz_0109-005959,2024-12-02 09:46:16,23.09,mada
biz_0109-005934,2024-12-02 09:47:12,20.91,credit_card
biz_0109-005992,2024-12-02 09:55:18,20.18,credit_card
biz_0109-006000,2024-12-02 10:07:49,24.45,mada
biz_0109-005949,2024-12-02 10:24:18,20.97,mada
biz_0109-005963,2024-12-02 10:36:30,55.51,mada
biz_0109-006013,2024-12-02 10:40:24,24.29,cash
biz_0109-005990,2024-12-02 10:41:02,42.25,mada
biz_0109-005954,2024-12-02 10:56:54,10.71,mada
biz_0109-005964,2024-12-02 11:02:49,32.17,mada
biz_0109-005996,2024-12-02 11:19:29,22.13,credit_card
biz_0109-005927,2024-12-02 11:22:50,37.01,cash
biz_0109-005952,2024-12-02 11:36:43,34.92,credit_card
biz_0109-006015,2024-12-02 11:46:59,84.97,mada
biz_0109-005930,2024-12-02 12:00:30,19.28,mada
biz_0109-005929,2024-12-02 12:08:10,24.26,mada
biz_0109-005977,2024-12-02 12:12:01,9.81,mada
biz_0109-005926,2024-12-02 12:20:57,12.19,mada
biz_0109-005983,2024-12-02 12:35:08,12.57,mada
biz_0109-006001,2024-12-02 12:51:34,36.11,mada
biz_0109-005965,2024-12-02 13:04:53,17.59,credit_card
biz_0109-005995,2024-12-02 13:20:34,33.52,mada
biz_0109-005971,2024-12-02 13:29:58,25.7,mada
biz_0109-006019,2024-12-02 13:46:05,23.81,cash
biz_0109-005932,2024-12-02 13:47:04,43.88,cash
biz_0109-005998,2024-12-02 13:47:09,14.5,mada
biz_0109-006021,2024-12-02 13:48:36,33.14,mada
biz_0109-005936,2024-12-02 13:51:55,17.81,mada
biz_0109-005962,2024-12-02 14:00:43,25.16,mada
biz_0109-006012,2024-12-02 14:02:15,24.93,cash
biz_0109-006004,2024-12-02 14:07:15,40.42,mada
biz_0109-005999,2024-12-02 14:14:14,31.54,mada
biz_0109-005976,2024-12-02 14:20:38,88.91,mada
biz_0109-006005,2024-12-02 14:25:23,17.06,mada
biz_0109-005978,2024-12-02 14:36:34,37.66,mada
biz_0109-005937,2024-12-02 14:51:39,23.71,mada
biz_0109-005943,2024-12-02 14:53:06,17.18,mada
biz_0109-005939,2024-12-02 14:55:19,38.01,credit_card
biz_0109-005946,2024-12-02 15:22:35,23.69,cash
biz_0109-005953,2024-12-02 15:24:33,30.88,mada
biz_0109-005969,2024-12-02 15:31:49,15.33,credit_card
biz_0109-006007,2024-12-02 15:36:08,24.04,mada
biz_0109-005987,2024-12-02 15:59:19,22.25,cash
biz_0109-005981,2024-12-02 16:00:19,53.03,mada
biz_0109-005988,2024-12-02 16:00:34,45.99,cash
biz_0109-005994,2024-12-02 16:06:15,22.96,mada
biz_0109-005941,2024-12-02 16:07:04,27.94,mada
biz_0109-005938,2024-12-02 16:12:10,52.47,mada
biz_0109-005972,2024-12-02 16:21:42,38.38,mada
biz_0109-005948,2024-12-02 16:27:15,66.38,credit_card
biz_0109-005944,2024-12-02 16:48:08,27.1,mada
biz_0109-005985,2024-12-02 17:03:37,38.41,mada
biz_0109-005986,2024-12-02 17:09:24,34.26,mada
biz_0109-005923,2024-12-02 17:09:39,13.19,cash
biz_0109-005989,2024-12-02 17:09:55,41.7,mada
biz_0109-005993,2024-12-02 17:13:05,40.78,mada
biz_0109-005940,2024-12-02 17:14:16,40.96,cash
biz_0109-006011,2024-12-02 17:16:28,37.42,cash
biz_0109-005958,2024-12-02 17:19:28,33.0,cash
biz_0109-005947,2024-12-02 17:19:59,54.13,credit_card
biz_0109-006009,2024-12-02 17:25:59,40.89,mada
biz_0109-006002,2024-12-02 17:28:05,38.3,mada
biz_0109-005974,2024-12-02 17:29:24,29.01,mada
biz_0109-005928,2024-12-02 18:01:49,15.55,mada
biz_0109-005966,2024-12-02 18:14:08,43.92,mada
biz_0109-005973,2024-12-02 18:31:23,18.37,mada
biz_0109-005991,2024-12-02 18:33:22,27.98,mada
biz_0109-005980,2024-12-02 19:27:06,12.15,mada
biz_0109-005968,2024-12-02 19:38:44,17.76,cash
biz_0109-005920,2024-12-02 19:50:19,49.98,mada
biz_0109-005982,2024-12-02 19:53:49,30.85,mada
biz_0109-006010,2024-12-02 19:54:28,28.46,mada
biz_0109-006006,2024-12-02 19:55:56,22.63,mada
biz_0109-005960,2024-12-02 20:34:00,25.74,cash
biz_0109-005957,2024-12-02 21:11:39,25.52,mada
biz_0109-005979,2024-12-02 22:41:43,29.95,credit_card
biz_0109-006044,2024-12-03 02:30:26,26.39,mada
biz_0109-006037,2024-12-03 03:07:41,11.85,mada
biz_0109-006090,2024-12-03 03:12:39,69.19,cash
biz_0109-006099,2024-12-03 07:12:18,29.5,cash
biz_0109-006075,2024-12-03 07:25:30,66.18,mada
biz_0109-006108,2024-12-03 07:44:10,29.69,mada
biz_0109-006034,2024-12-03 07:51:23,24.94,mada
biz_0109-006054,2024-12-03 08:00:36,26.96,mada
biz_0109-006052,2024-12-03 08:02:15,62.12,cash
biz_0109-006050,2024-12-03 08:34:55,34.99,mada
biz_0109-006065,2024-12-03 08:54:05,23.59,cash
biz_0109-006102,2024-12-03 08:55:30,40.93,mada
biz_0109-006072,2024-12-03 09:11:07,10.88,mada
biz_0109-006068,2024-12-03 09:12:23,33.51,cash
biz_0109-006062,2024-12-03 09:16:21,44.46,mada
biz_0109-006098,2024-12-03 09:22:25,33.03,mada
biz_0109-006038,2024-12-03 09:55:23,14.81,cash
biz_0109-006027,2024-12-03 09:58:57,18.13,credit_card
biz_0109-006071,2024-12-03 10:05:47,22.09,mada
biz_0109-006084,2024-12-03 10:11:46,51.76,mada
biz_0109-006109,2024-12-03 10:31:41,33.68,credit_card
biz_0109-006030,2024-12-03 10:47:48,23.67,mada
biz_0109-006082,2024-12-03 10:49:40,38.55,mada
biz_0109-006043,2024-12-03 11:13:49,42.8,mada
biz_0109-006086,2024-12-03 11:29:42,34.56,cash
biz_0109-006088,2024-12-03 11:36:02,23.85,mada
biz_0109-006036,2024-12-03 11:42:28,23.18,cash
biz_0109-006039,2024-12-03 12:12:16,24.6,cash
biz_0109-006040,2024-12-03 12:18:59,29.84,mada
biz_0109-006067,2024-12-03 12:26:35,6.86,cash
biz_0109-006104,2024-12-03 12:38:53,81.72,mada
biz_0109-006107,2024-12-03 12:39:54,20.07,credit_card
biz_0109-006031,2024-12-03 12:40:13,14.35,mada
biz_0109-006025,2024-12-03 12:49:58,15.79,mada
biz_0109-006026,2024-12-03 12:56:33,19.6,mada
biz_0109-006081,2024-12-03 13:08:36,53.0,cash
biz_0109-006057,2024-12-03 13:21:31,10.11,credit_card
biz_0109-006061,2024-12-03 13:23:46,67.74,mada
biz_0109-006085,2024-12-03 13:25:48,41.32,mada
biz_0109-006063,2024-12-03 13:41:23,43.91,mada
biz_0109-006032,2024-12-03 13:48:28,35.51,mada
biz_0109-006087,2024-12-03 13:54:15,17.61,mada
biz_0109-006060,2024-12-03 13:58:40,19.28,cash
biz_0109-006103,2024-12-03 13:59:21,36.23,cash
biz_0109-006056,2024-12-03 14:01:26,8.59,mada
biz_0109-006092,2024-12-03 14:19:06,40.55,credit_card
biz_0109-006053,2024-12-03 14:27:46,41.31,mada
biz_0109-006091,2024-12-03 14:35:45,55.16,mada
biz_0109-006089,2024-12-03 14:36:48,53.73,cash
biz_0109-006055,2024-12-03 14:49:45,41.64,cash
biz_0109-006095,2024-12-03 14:51:49,38.65,mada
biz_0109-006070,2024-12-03 14:57:32,17.78,mada
biz_0109-006093,2024-12-03 15:57:26,26.01,cash
biz_0109-006035,2024-12-03 15:57:50,31.23,mada
biz_0109-006058,2024-12-03 16:15:52,32.69,mada
biz_0109-006097,2024-12-03 16:15:54,50.51,mada
biz_0109-006047,2024-12-03 16:25:11,16.34,mada
biz_0109-006045,2024-12-03 16:40:53,17.7,credit_card
biz_0109-006074,2024-12-03 16:55:13,36.78,credit_card
biz_0109-006106,2024-12-03 16:55:33,18.57,mada
biz_0109-006048,2024-12-03 17:01:20,11.81,cash
biz_0109-006029,2024-12-03 17:06:06,18.71,mada
biz_0109-006066,2024-12-03 17:17:16,27.21,credit_card
biz_0109-006064,2024-12-03 17:22:14,20.48,cash
biz_0109-006080,2024-12-03 17:28:40,43.52,cash
biz_0109-006069,2024-12-03 17:30:39,30.45,credit_card
biz_0109-006041,2024-12-03 17:31:07,25.91,credit_card
biz_0109-006033,2024-12-03 17:38:20,52.11,credit_card
biz_0109-006042,2024-12-03 17:38:49,30.41,credit_card
biz_0109-006049,2024-12-03 17:46:31,28.88,cash
biz_0109-006100,2024-12-03 17:52:34,41.32,credit_card
biz_0109-006059,2024-12-03 17:59:47,32.05,mada
biz_0109-006094,2024-12-03 18:00:31,27.29,credit_card
biz_0109-006111,2024-12-03 18:07:56,24.68,mada
biz_0109-006073,2024-12-03 18:12:53,23.16,credit_card
biz_0109-006028,2024-12-03 18:34:55,12.49,mada
biz_0109-006046,2024-12-03 18:37:22,60.14,credit_card
biz_0109-006078,2024-12-03 18:39:17,41.78,mada
biz_0109-006076,2024-12-03 18:49:55,29.1,mada
biz_0109-006024,2024-12-03 18:57:09,20.52,mada
biz_0109-006110,2024-12-03 19:09:18,37.26,cash
biz_0109-006077,2024-12-03 19:11:33,97.22,credit_card
biz_0109-006022,2024-12-03 19:19:32,28.51,mada
biz_0109-006096,2024-12-03 19:26:01,40.27,cash
biz_0109-006079,2024-12-03 19:29:39,17.07,mada
biz_0109-006101,2024-12-03 19:31:29,25.0,mada
biz_0109-006051,2024-12-03 20:54:46,27.46,mada
biz_0109-006083,2024-12-03 20:54:53,41.05,mada
biz_0109-006105,2024-12-03 20:59:24,35.99,mada
biz_0109-006023,2024-12-03 21:23:40,23.24,cash
biz_0109-006171,2024-12-04 06:47:49,18.24,mada
biz_0109-006168,2024-12-04 07:00:33,34.64,mada
biz_0109-006148,2024-12-04 07:07:47,47.83,mada
biz_0109-006160,2024-12-04 07:18:27,29.43,credit_card
biz_0109-006195,2024-12-04 07:21:59,18.14,mada
biz_0109-006176,2024-12-04 07:28:17,32.61,mada
biz_0109-006189,2024-12-04 07:28:32,27.3,mada
biz_0109-006178,2024-12-04 07:35:45,26.0,mada
biz_0109-006156,2024-12-04 07:49:31,28.1,cash
biz_0109-006161,2024-12-04 07:52:09,32.76,mada
biz_0109-006181,2024-12-04 08:04:34,18.33,cash
biz_0109-006136,2024-12-04 08:11:42,31.48,mada
biz_0109-006142,2024-12-04 08:15:47,25.31,cash
biz_0109-006155,2024-12-04 08:20:04,41.37,cash
biz_0109-006170,2024-12-04 08:34:38,25.1,mada
biz_0109-006165,2024-12-04 08:36:07,19.04,mada
biz_0109-006126,2024-12-04 08:37:55,22.45,mada
biz_0109-006150,2024-12-04 08:45:35,11.76,mada
biz_0109-006159,2024-12-04 08:47:47,32.9,cash
biz_0109-006145,2024-12-04 08:49:41,41.75,mada
biz_0109-006186,2024-12-04 09:03:29,16.43,mada
biz_0109-006190,2024-12-04 09:04:20,52.28,cash
biz_0109-006116,2024-12-04 09:11:00,31.77,cash
biz_0109-006180,2024-12-04 09:21:25,21.86,mada
biz_0109-006167,2024-12-04 09:24:15,37.45,credit_card
biz_0109-006139,2024-12-04 09:24:31,18.38,mada
biz_0109-006162,2024-12-04 09:37:38,56.21,credit_card
biz_0109-006191,2024-12-04 09:55:44,30.63,mada
biz_0109-006199,2024-12-04 10:19:02,40.99,credit_card
biz_0109-006194,2024-12-04 10:31:38,44.66,mada
biz_0109-006187,2024-12-04 10:47:15,19.41,mada
biz_0109-006151,2024-12-04 11:00:31,15.13,mada
biz_0109-006157,2024-12-04 11:03:10,31.63,mada
biz_0109-006200,2024-12-04 11:12:55,21.11,mada
biz_0109-006169,2024-12-04 11:19:10,11.53,credit_card
biz_0109-006130,2024-12-04 11:28:59,38.81,mada
biz_0109-006141,2024-12-04 12:06:03,23.51,mada
biz_0109-006166,2024-12-04 12:24:20,20.67,cash
biz_0109-006131,2024-12-04 12:42:44,35.63,mada
biz_0109-006121,2024-12-04 12:57:38,22.49,cash
biz_0109-006115,2024-12-04 13:10:00,35.22,cash
biz_0109-006154,2024-12-04 13:14:39,47.23,cash
biz_0109-006198,2024-12-04 13:18:02,38.95,credit_card
biz_0109-006125,2024-12-04 13:18:40,46.14,mada
biz_0109-006201,2024-12-04 13:24:41,16.97,credit_card
biz_0109-006147,2024-12-04 13:28:10,27.66,cash
biz_0109-006112,2024-12-04 13:33:44,18.42,cash
biz_0109-006119,2024-12-04 13:35:37,13.54,mada
biz_0109-006179,2024-12-04 14:06:49,35.28,cash
biz_0109-006138,2024-12-04 14:10:37,48.25,credit_card
biz_0109-006183,2024-12-04 14:14:41,23.92,mada
biz_0109-006185,2024-12-04 14:25:29,36.11,mada
biz_0109-006114,2024-12-04 14:27:16,18.64,credit_card
biz_0109-006118,2024-12-04 14:32:57,21.95,mada
biz_0109-006144,2024-12-04 14:36:33,18.44,mada
biz_0109-006122,2024-12-04 14:47:51,20.14,credit_card
biz_0109-006174,2024-12-04 14:53:50,43.41,credit_card
biz_0109-006177,2024-12-04 15:02:03,54.97,mada
biz_0109-006127,2024-12-04 15:11:42,32.48,credit_card
biz_0109-006128,2024-12-04 15:13:49,33.55,credit_card
biz_0109-006188,2024-12-04 15:15:26,14.62,mada
biz_0109-006134,2024-12-04 15:22:45,43.66,cash
biz_0109-006153,2024-12-04 16:01:21,25.61,credit_card
biz_0109-006197,2024-12-04 16:10:38,40.16,mada
biz_0109-006163,2024-12-04 16:10:47,24.03,mada
biz_0109-006143,2024-12-04 16:16:47,18.08,mada
biz_0109-006164,2024-12-04 16:34:52,22.97,cash
biz_0109-006196,2024-12-04 16:35:42,86.81,mada
biz_0109-006124,2024-12-04 16:37:39,50.13,credit_card
biz_0109-006135,2024-12-04 16:43:35,21.64,mada
biz_0109-006146,2024-12-04 16:47:50,17.99,mada
biz_0109-006133,2024-12-04 16:59:21,14.12,credit_card
biz_0109-006120,2024-12-04 17:02:36,11.97,credit_card
biz_0109-006193,2024-12-04 17:23:53,20.69,mada
biz_0109-006137,2024-12-04 17:28:22,27.21,mada
biz_0109-006113,2024-12-04 17:38:10,28.62,mada
biz_0109-006140,2024-12-04 17:52:46,43.7,mada
biz_0109-006175,2024-12-04 17:56:32,41.6,cash
biz_0109-006173,2024-12-04 18:04:21,27.96,mada
biz_0109-006132,2024-12-04 18:09:41,27.61,credit_card
biz_0109-006117,2024-12-04 18:18:58,14.45,mada
biz_0109-006158,2024-12-04 18:27:25,27.5,credit_card
biz_0109-006149,2024-12-04 18:33:08,20.69,cash
biz_0109-006184,2024-12-04 18:56:32,26.27,mada
biz_0109-006192,2024-12-04 19:16:49,46.88,mada
biz_0109-006123,2024-12-04 19:30:28,43.94,mada
biz_0109-006182,2024-12-04 19:34:31,52.11,mada
biz_0109-006172,2024-12-04 19:41:05,46.12,cash
biz_0109-006129,2024-12-04 20:40:46,23.74,mada
biz_0109-006152,2024-12-04 21:04:07,33.97,mada
biz_0109-006238,2024-12-05 07:25:18,31.92,mada
biz_0109-006223,2024-12-05 07:39:45,22.95,mada
biz_0109-006217,2024-12-05 07:47:47,12.97,credit_card
biz_0109-006235,2024-12-05 07:58:37,74.79,cash
biz_0109-006265,2024-12-05 08:00:05,72.64,mada
biz_0109-006219,2024-12-05 08:08:26,51.63,cash
biz_0109-006211,2024-12-05 08:10:23,31.08,mada
biz_0109-006224,2024-12-05 08:15:35,34.35,credit_card
biz_0109-006240,2024-12-05 08:30:57,22.85,mada
biz_0109-006254,2024-12-05 08:30:58,32.79,credit_card
biz_0109-006221,2024-12-05 08:32:36,19.97,mada
biz_0109-006239,2024-12-05 08:35:52,10.72,mada
biz_0109-006226,2024-12-05 08:46:30,22.55,mada
biz_0109-006251,2024-12-05 08:48:31,31.26,credit_card
biz_0109-006203,2024-12-05 08:52:11,20.59,mada
biz_0109-006243,2024-12-05 09:29:20,43.03,mada
biz_0109-006216,2024-12-05 11:22:59,28.75,mada
biz_0109-006232,2024-12-05 11:24:44,27.14,mada
biz_0109-006255,2024-12-05 11:48:23,20.09,cash
biz_0109-006270,2024-12-05 12:02:17,22.55,mada
biz_0109-006264,2024-12-05 12:04:59,20.32,credit_card
biz_0109-006227,2024-12-05 12:15:49,41.83,cash
biz_0109-006261,2024-12-05 12:33:30,26.08,cash
biz_0109-006253,2024-12-05 12:50:44,15.18,credit_card
biz_0109-006222,2024-12-05 12:52:35,31.12,cash
biz_0109-006259,2024-12-05 13:00:43,48.58,mada
biz_0109-006233,2024-12-05 13:29:43,28.78,mada
biz_0109-006241,2024-12-05 13:47:00,14.98,mada
biz_0109-006267,2024-12-05 13:47:47,20.74,credit_card
biz_0109-006246,2024-12-05 13:51:27,47.31,cash
biz_0109-006256,2024-12-05 13:54:42,48.87,mada
biz_0109-006207,2024-12-05 13:58:08,30.11,cash
biz_0109-006218,2024-12-05 14:06:54,32.9,mada
biz_0109-006206,2024-12-05 14:10:01,30.38,mada
biz_0109-006247,2024-12-05 14:21:29,19.31,mada
biz_0109-006202,2024-12-05 14:27:05,17.53,mada
biz_0109-006225,2024-12-05 14:33:27,47.56,mada
biz_0109-006228,2024-12-05 14:34:39,37.29,credit_card
biz_0109-006257,2024-12-05 14:57:59,36.43,mada
biz_0109-006205,2024-12-05 15:01:53,20.09,mada
biz_0109-006242,2024-12-05 15:22:30,29.43,mada
biz_0109-006236,2024-12-05 15:34:11,36.24,cash
biz_0109-006229,2024-12-05 15:34:20,22.09,mada
biz_0109-006204,2024-12-05 15:35:11,18.86,mada
biz_0109-006245,2024-12-05 15:50:08,29.71,credit_card
biz_0109-006234,2024-12-05 16:01:47,32.61,mada
biz_0109-006263,2024-12-05 16:05:36,11.06,mada
biz_0109-006231,2024-12-05 16:20:51,33.83,cash
biz_0109-006213,2024-12-05 16:21:35,16.27,credit_card
biz_0109-006244,2024-12-05 16:31:52,15.23,credit_card
biz_0109-006258,2024-12-05 16:34:24,22.24,cash
biz_0109-006215,2024-12-05 16:43:47,41.36,cash
biz_0109-006269,2024-12-05 16:44:18,24.56,cash
biz_0109-006237,2024-12-05 16:51:48,41.52,cash
biz_0109-006252,2024-12-05 17:18:04,35.51,mada
biz_0109-006212,2024-12-05 17:30:34,49.23,mada
biz_0109-006214,2024-12-05 17:42:43,30.61,mada
biz_0109-006266,2024-12-05 17:48:15,59.51,mada
biz_0109-006230,2024-12-05 17:59:46,30.02,mada
biz_0109-006248,2024-12-05 18:03:42,45.02,credit_card
biz_0109-006250,2024-12-05 18:09:08,11.8,cash
biz_0109-006210,2024-12-05 18:14:24,22.12,credit_card
biz_0109-006262,2024-12-05 18:27:44,21.5,credit_card
biz_0109-006271,2024-12-05 18:28:39,44.42,mada
biz_0109-006209,2024-12-05 18:45:40,55.78,cash
biz_0109-006220,2024-12-05 19:11:19,37.46,mada
biz_0109-006208,2024-12-05 19:40:47,17.71,cash
biz_0109-006249,2024-12-05 19:44:59,20.19,mada
biz_0109-006268,2024-12-05 20:04:45,46.24,mada
biz_0109-006260,2024-12-05 20:14:41,41.68,mada
biz_0109-006335,2024-12-06 02:26:56,20.69,mada
biz_0109-006279,2024-12-06 02:28:51,15.58,mada
biz_0109-006306,2024-12-06 07:01:47,11.46,mada
biz_0109-006285,2024-12-06 07:10:48,20.14,mada
biz_0109-006291,2024-12-06 07:12:49,27.05,mada
biz_0109-006344,2024-12-06 07:18:26,20.1,mada
biz_0109-006278,2024-12-06 07:24:17,60.04,mada
biz_0109-006298,2024-12-06 07:26:47,21.67,credit_card
biz_0109-006320,2024-12-06 08:07:59,47.01,mada
biz_0109-006332,2024-12-06 08:27:14,50.17,cash
biz_0109-006288,2024-12-06 08:43:53,16.09,mada
biz_0109-006289,2024-12-06 08:46:51,44.51,cash
biz_0109-006307,2024-12-06 08:48:11,23.78,cash
biz_0109-006284,2024-12-06 08:48:34,25.09,cash
biz_0109-006308,2024-12-06 08:54:11,51.99,mada
biz_0109-006293,2024-12-06 09:12:21,21.03,mada
biz_0109-006333,2024-12-06 09:17:44,30.12,mada
biz_0109-006327,2024-12-06 09:29:45,22.68,cash
biz_0109-006338,2024-12-06 09:34:16,14.75,mada
biz_0109-006316,2024-12-06 09:41:38,37.72,mada
biz_0109-006319,2024-12-06 09:41:51,86.89,mada
biz_0109-006301,2024-12-06 09:42:33,41.19,mada
biz_0109-006322,2024-12-06 09:47:48,17.14,mada
biz_0109-006329,2024-12-06 09:58:17,23.33,credit_card
biz_0109-006315,2024-12-06 10:11:08,17.43,mada
biz_0109-006305,2024-12-06 10:18:21,21.21,mada
biz_0109-006342,2024-12-06 10:33:26,40.04,cash
biz_0109-006290,2024-12-06 11:15:26,24.59,cash
biz_0109-006304,2024-12-06 11:29:43,29.79,mada
biz_0109-006317,2024-12-06 11:41:56,20.29,mada
biz_0109-006275,2024-12-06 11:44:23,24.78,mada
biz_0109-006299,2024-12-06 11:56:04,40.82,mada
biz_0109-006325,2024-12-06 11:56:46,25.71,mada
biz_0109-006321,2024-12-06 12:00:03,38.87,mada
biz_0109-006296,2024-12-06 12:04:30,36.64,mada
biz_0109-006313,2024-12-06 12:20:17,24.53,mada
biz_0109-006331,2024-12-06 12:31:39,19.02,cash
biz_0109-006302,2024-12-06 12:41:54,32.75,mada
biz_0109-006273,2024-12-06 12:48:45,59.69,mada
biz_0109-006323,2024-12-06 12:48:51,39.16,cash
biz_0109-006280,2024-12-06 12:53:49,21.21,mada
biz_0109-006312,2024-12-06 13:25:39,35.76,mada
biz_0109-006276,2024-12-06 13:37:27,26.73,mada
biz_0109-006277,2024-12-06 13:38:39,65.5,mada
biz_0109-006303,2024-12-06 13:40:36,47.16,cash
biz_0109-006283,2024-12-06 13:41:58,47.14,mada
biz_0109-006287,2024-12-06 13:46:03,16.25,cash
biz_0109-006295,2024-12-06 13:58:29,31.2,mada
biz_0109-006326,2024-12-06 14:12:19,9.96,mada
biz_0109-006318,2024-12-06 14:17:17,19.17,mada
biz_0109-006282,2024-12-06 14:31:03,29.92,mada
biz_0109-006343,2024-12-06 14:34:17,54.79,credit_card
biz_0109-006345,2024-12-06 14:41:18,58.28,mada
biz_0109-006297,2024-12-06 14:56:13,31.65,mada
biz_0109-006334,2024-12-06 14:57:34,26.79,mada
biz_0109-006341,2024-12-06 14:58:30,18.59,credit_card
biz_0109-006339,2024-12-06 15:25:48,22.93,mada
biz_0109-006294,2024-12-06 16:47:09,47.0,mada
biz_0109-006311,2024-12-06 16:48:09,18.86,mada
biz_0109-006292,2024-12-06 16:50:45,32.72,credit_card
biz_0109-006300,2024-12-06 16:57:21,20.93,mada
biz_0109-006309,2024-12-06 17:00:35,27.73,mada
biz_0109-006337,2024-12-06 17:12:19,21.76,mada
biz_0109-006314,2024-12-06 17:50:49,61.13,credit_card
biz_0109-006281,2024-12-06 17:59:07,46.32,mada
biz_0109-006274,2024-12-06 17:59:41,40.37,cash
biz_0109-006324,2024-12-06 18:05:27,40.96,mada
biz_0109-006328,2024-12-06 18:09:08,45.19,cash
biz_0109-006340,2024-12-06 18:10:48,16.53,mada
biz_0109-006336,2024-12-06 18:11:39,26.93,credit_card
biz_0109-006286,2024-12-06 18:14:58,34.26,mada
biz_0109-006310,2024-12-06 18:30:06,13.87,mada
biz_0109-006330,2024-12-06 18:41:41,14.81,mada
biz_0109-006272,2024-12-06 23:48:25,17.16,mada
biz_0109-006453,2024-12-07 05:07:20,24.84,credit_card
biz_0109-006375,2024-12-07 05:41:39,27.42,credit_card
biz_0109-006395,2024-12-07 07:04:16,20.77,mada
biz_0109-006444,2024-12-07 07:11:09,30.51,mada
biz_0109-006377,2024-12-07 07:11:58,62.24,cash
biz_0109-006420,2024-12-07 07:20:42,13.98,mada
biz_0109-006362,2024-12-07 07:39:50,25.32,mada
biz_0109-006348,2024-12-07 07:44:29,24.33,cash
biz_0109-006357,2024-12-07 07:51:14,42.34,credit_card
biz_0109-006406,2024-12-07 08:11:13,27.76,mada
biz_0109-006429,2024-12-07 08:16:30,24.69,mada
biz_0109-006439,2024-12-07 08:17:32,28.32,mada
biz_0109-006396,2024-12-07 08:38:51,17.71,credit_card
biz_0109-006442,2024-12-07 08:47:50,29.01,mada
biz_0109-006415,2024-12-07 08:52:09,35.78,cash
biz_0109-006413,2024-12-07 08:53:35,39.11,mada
biz_0109-006394,2024-12-07 08:59:00,51.26,mada
biz_0109-006412,2024-12-07 09:03:33,11.28,cash
biz_0109-006430,2024-12-07 09:09:55,20.78,mada
biz_0109-006399,2024-12-07 09:20:55,51.86,mada
biz_0109-006403,2024-12-07 09:20:56,50.15,mada
biz_0109-006447,2024-12-07 09:23:44,43.36,cash
biz_0109-006397,2024-12-07 09:35:21,24.36,cash
biz_0109-006449,2024-12-07 09:44:34,28.81,mada
biz_0109-006410,2024-12-07 10:19:49,22.74,mada
biz_0109-006448,2024-12-07 10:27:23,49.43,cash
biz_0109-006432,2024-12-07 10:27:28,14.48,mada
biz_0109-006402,2024-12-07 10:37:10,11.94,credit_card
biz_0109-006387,2024-12-07 10:41:42,33.51,credit_card
biz_0109-006441,2024-12-07 10:45:12,20.65,mada
biz_0109-006359,2024-12-07 11:09:21,41.38,mada
biz_0109-006405,2024-12-07 11:20:14,76.62,mada
biz_0109-006404,2024-12-07 11:49:45,46.28,mada
biz_0109-006347,2024-12-07 12:12:35,19.45,mada
biz_0109-006366,2024-12-07 12:16:44,26.38,cash
biz_0109-006389,2024-12-07 12:24:56,40.64,mada
biz_0109-006353,2024-12-07 12:29:09,56.97,mada
biz_0109-006386,2024-12-07 12:38:26,45.75,mada
biz_0109-006351,2024-12-07 12:48:11,19.72,mada
biz_0109-006369,2024-12-07 12:58:51,40.68,mada
biz_0109-006365,2024-12-07 13:18:13,9.03,mada
biz_0109-006371,2024-12-07 13:20:38,60.68,mada
biz_0109-006400,2024-12-07 13:32:53,24.82,cash
biz_0109-006435,2024-12-07 13:35:27,39.7,mada
biz_0109-006368,2024-12-07 13:38:39,32.79,mada
biz_0109-006414,2024-12-07 13:39:19,42.7,mada
biz_0109-006421,2024-12-07 13:39:36,11.24,credit_card
biz_0109-006392,2024-12-07 13:41:33,14.64,mada
biz_0109-006433,2024-12-07 13:41:38,40.04,cash
biz_0109-006407,2024-12-07 13:46:24,15.97,mada
biz_0109-006360,2024-12-07 13:50:35,29.01,mada
biz_0109-006367,2024-12-07 13:55:17,25.28,credit_card
biz_0109-006437,2024-12-07 13:57:00,29.46,mada
biz_0109-006416,2024-12-07 13:59:50,50.76,mada
biz_0109-006427,2024-12-07 14:07:58,39.26,cash
biz_0109-006417,2024-12-07 14:14:18,23.47,mada
biz_0109-006358,2024-12-07 14:21:32,15.72,mada
biz_0109-006423,2024-12-07 14:31:35,14.59,mada
biz_0109-006445,2024-12-07 14:37:19,37.34,mada
biz_0109-006356,2024-12-07 14:39:22,18.89,mada
biz_0109-006384,2024-12-07 14:39:23,39.11,credit_card
biz_0109-006382,2024-12-07 14:46:15,33.58,cash
biz_0109-006379,2024-12-07 14:54:50,42.89,cash
biz_0109-006438,2024-12-07 15:09:31,21.78,mada
biz_0109-006355,2024-12-07 15:15:00,25.76,credit_card
biz_0109-006411,2024-12-07 15:44:42,10.99,credit_card
biz_0109-006401,2024-12-07 16:01:25,15.49,mada
biz_0109-006409,2024-12-07 16:02:36,39.77,mada
biz_0109-006451,2024-12-07 16:09:50,13.15,mada
biz_0109-006380,2024-12-07 16:12:00,12.14,cash
biz_0109-006408,2024-12-07 16:12:16,24.64,mada
biz_0109-006354,2024-12-07 16:16:58,24.59,credit_card
biz_0109-006424,2024-12-07 16:21:16,14.42,mada
biz_0109-006370,2024-12-07 16:29:08,46.09,mada
biz_0109-006388,2024-12-07 16:35:39,25.1,cash
biz_0109-006346,2024-12-07 17:06:08,22.42,mada
biz_0109-006363,2024-12-07 17:06:59,20.65,credit_card
biz_0109-006440,2024-12-07 17:08:38,29.1,mada
biz_0109-006434,2024-12-07 17:13:06,23.71,mada
biz_0109-006446,2024-12-07 17:24:51,21.97,mada
biz_0109-006391,2024-12-07 17:34:43,18.03,mada
biz_0109-006431,2024-12-07 17:37:28,18.65,cash
biz_0109-006436,2024-12-07 17:49:52,21.86,mada
biz_0109-006364,2024-12-07 17:53:14,42.23,cash
biz_0109-006390,2024-12-07 18:11:30,76.53,mada
biz_0109-006349,2024-12-07 18:12:22,27.6,credit_card
biz_0109-006426,2024-12-07 18:12:28,41.77,cash
biz_0109-006385,2024-12-07 18:24:10,22.71,mada
biz_0109-006425,2024-12-07 18:26:20,37.33,cash
biz_0109-006418,2024-12-07 18:39:00,19.38,cash
biz_0109-006373,2024-12-07 18:42:54,52.54,credit_card
biz_0109-006452,2024-12-07 18:47:12,32.43,mada
biz_0109-006350,2024-12-07 18:49:46,34.01,mada
biz_0109-006393,2024-12-07 18:50:20,29.85,mada
biz_0109-006450,2024-12-07 18:52:39,31.7,credit_card
biz_0109-006374,2024-12-07 18:54:55,23.85,mada
biz_0109-006383,2024-12-07 19:06:10,48.04,mada
biz_0109-006361,2024-12-07 19:11:06,21.17,mada
biz_0109-006381,2024-12-07 19:11:49,44.93,mada
biz_0109-006372,2024-12-07 19:41:36,110.62,cash
biz_0109-006422,2024-12-07 19:44:46,25.51,cash
biz_0109-006352,2024-12-07 19:45:43,33.65,mada
biz_0109-006419,2024-12-07 19:47:36,28.49,cash
biz_0109-006378,2024-12-07 20:04:18,14.28,mada
biz_0109-006428,2024-12-07 20:11:58,18.18,mada
biz_0109-006376,2024-12-07 20:37:23,44.48,cash
biz_0109-006398,2024-12-07 20:40:45,20.71,mada
biz_0109-006443,2024-12-07 21:05:16,27.3,cash
biz_0109-006471,2024-12-08 03:04:16,40.08,cash
biz_0109-006475,2024-12-08 05:21:50,28.31,mada
biz_0109-006504,2024-12-08 07:07:35,27.68,cash
biz_0109-006553,2024-12-08 07:08:55,41.38,cash
biz_0109-006463,2024-12-08 07:13:24,25.29,credit_card
biz_0109-006461,2024-12-08 07:14:40,18.04,mada
biz_0109-006506,2024-12-08 07:17:54,27.43,cash
biz_0109-006522,2024-12-08 07:22:26,50.88,cash
biz_0109-006555,2024-12-08 07:26:53,46.4,mada
biz_0109-006476,2024-12-08 07:34:45,48.91,cash
biz_0109-006458,2024-12-08 07:35:22,15.57,mada
biz_0109-006499,2024-12-08 07:47:30,20.78,mada
biz_0109-006539,2024-12-08 07:56:28,30.4,cash
biz_0109-006547,2024-12-08 08:03:48,33.27,cash
biz_0109-006521,2024-12-08 08:05:26,20.74,cash
biz_0109-006482,2024-12-08 08:16:15,36.95,cash
biz_0109-006515,2024-12-08 08:39:27,38.4,cash
biz_0109-006492,2024-12-08 08:54:27,47.02,cash
biz_0109-006470,2024-12-08 09:00:26,46.79,mada
biz_0109-006503,2024-12-08 09:11:14,30.1,mada
biz_0109-006493,2024-12-08 09:13:54,30.41,cash
biz_0109-006478,2024-12-08 09:16:57,25.49,mada
biz_0109-006480,2024-12-08 09:19:33,18.87,mada
biz_0109-006488,2024-12-08 09:31:57,45.49,mada
biz_0109-006508,2024-12-08 09:32:59,43.79,mada
biz_0109-006498,2024-12-08 09:51:30,22.84,cash
biz_0109-006517,2024-12-08 10:22:37,19.76,mada
biz_0109-006514,2024-12-08 10:44:35,22.19,mada
biz_0109-006462,2024-12-08 10:47:06,27.65,mada
biz_0109-006466,2024-12-08 11:02:04,27.15,cash
biz_0109-006474,2024-12-08 11:25:49,14.87,credit_card
biz_0109-006454,2024-12-08 11:32:25,27.61,cash
biz_0109-006472,2024-12-08 12:12:25,25.67,mada
biz_0109-006545,2024-12-08 12:15:46,17.09,mada
biz_0109-006527,2024-12-08 12:24:10,22.0,cash
biz_0109-006523,2024-12-08 12:25:00,41.47,cash
biz_0109-006477,2024-12-08 12:25:10,35.44,credit_card
biz_0109-006473,2024-12-08 12:28:25,31.7,mada
biz_0109-006457,2024-12-08 12:34:05,21.5,cash
biz_0109-006513,2024-12-08 12:37:54,60.56,credit_card
biz_0109-006509,2024-12-08 12:56:22,25.52,cash
biz_0109-006496,2024-12-08 12:57:10,12.26,cash
biz_0109-006552,2024-12-08 12:59:22,22.63,mada
biz_0109-006489,2024-12-08 13:15:27,15.13,mada
biz_0109-006487,2024-12-08 13:16:32,29.16,mada
biz_0109-006465,2024-12-08 13:34:03,34.6,mada
biz_0109-006507,2024-12-08 13:35:38,22.27,mada
biz_0109-006548,2024-12-08 13:35:45,16.88,mada
biz_0109-006464,2024-12-08 13:38:19,35.86,mada
biz_0109-006501,2024-12-08 13:44:40,11.42,mada
biz_0109-006459,2024-12-08 13:48:38,54.02,mada
biz_0109-006520,2024-12-08 13:51:35,34.85,cash
biz_0109-006540,2024-12-08 13:52:39,25.09,credit_card
biz_0109-006525,2024-12-08 14:00:20,60.13,mada
biz_0109-006544,2024-12-08 14:36:06,15.19,mada
biz_0109-006510,2024-12-08 14:39:57,19.77,cash
biz_0109-006518,2024-12-08 14:41:35,18.26,cash
biz_0109-006534,2024-12-08 14:46:43,18.06,mada
biz_0109-006479,2024-12-08 14:47:46,50.2,mada
biz_0109-006526,2024-12-08 14:49:54,15.35,mada
biz_0109-006533,2024-12-08 14:51:49,31.46,mada
biz_0109-006500,2024-12-08 14:52:53,19.92,mada
biz_0109-006537,2024-12-08 14:56:40,24.53,mada
biz_0109-006554,2024-12-08 14:56:52,48.1,mada
biz_0109-006486,2024-12-08 15:01:38,46.42,mada
biz_0109-006529,2024-12-08 15:27:16,18.06,cash
biz_0109-006536,2024-12-08 15:35:24,82.17,mada
biz_0109-006497,2024-12-08 15:40:06,19.95,mada
biz_0109-006528,2024-12-08 16:03:58,36.11,cash
biz_0109-006483,2024-12-08 16:17:17,28.47,mada
biz_0109-006531,2024-12-08 16:25:35,31.95,cash
biz_0109-006546,2024-12-08 16:31:04,12.6,mada
biz_0109-006512,2024-12-08 16:33:46,21.86,mada
biz_0109-006484,2024-12-08 16:45:17,14.33,mada
biz_0109-006538,2024-12-08 16:47:09,36.22,mada
biz_0109-006551,2024-12-08 16:51:28,7.7,credit_card
biz_0109-006542,2024-12-08 16:52:25,50.29,credit_card
biz_0109-006460,2024-12-08 16:55:00,40.55,credit_card
biz_0109-006490,2024-12-08 17:02:15,15.48,credit_card
biz_0109-006550,2024-12-08 17:16:48,25.39,credit_card
biz_0109-006532,2024-12-08 17:25:34,22.57,mada
biz_0109-006481,2024-12-08 17:32:09,34.0,credit_card
biz_0109-006456,2024-12-08 17:32:35,22.63,mada
biz_0109-006455,2024-12-08 17:39:32,30.49,cash
biz_0109-006469,2024-12-08 17:41:39,37.18,credit_card
biz_0109-006468,2024-12-08 18:11:42,48.08,mada
biz_0109-006502,2024-12-08 18:17:06,21.82,cash
biz_0109-006495,2024-12-08 18:18:01,26.0,mada
biz_0109-006541,2024-12-08 18:25:39,50.91,mada
biz_0109-006530,2024-12-08 18:34:33,13.85,mada
biz_0109-006467,2024-12-08 18:37:00,23.45,cash
biz_0109-006516,2024-12-08 18:41:45,24.85,credit_card
biz_0109-006494,2024-12-08 18:45:41,39.99,credit_card
biz_0109-006543,2024-12-08 18:51:42,33.67,cash
biz_0109-006511,2024-12-08 18:59:46,30.47,mada
biz_0109-006524,2024-12-08 19:13:36,33.15,mada
biz_0109-006485,2024-12-08 19:40:40,49.12,credit_card
biz_0109-006491,2024-12-08 19:45:12,26.79,mada
biz_0109-006535,2024-12-08 20:12:43,28.89,cash
biz_0109-006519,2024-12-08 20:30:16,14.45,cash
biz_0109-006505,2024-12-08 21:20:47,34.0,cash
biz_0109-006549,2024-12-08 21:29:46,11.61,mada
biz_0109-006632,2024-12-09 02:26:56,27.52,cash
biz_0109-006574,2024-12-09 04:56:56,35.2,cash
biz_0109-006567,2024-12-09 06:33:15,51.61,mada
biz_0109-006592,2024-12-09 06:50:04,31.6,credit_card
biz_0109-006589,2024-12-09 07:02:02,24.38,mada
biz_0109-006621,2024-12-09 07:14:12,40.45,mada
biz_0109-006630,2024-12-09 07:30:06,27.84,mada
biz_0109-006580,2024-12-09 07:53:52,20.65,cash
biz_0109-006631,2024-12-09 08:08:37,25.77,mada
biz_0109-006597,2024-12-09 08:21:47,29.77,cash
biz_0109-006626,2024-12-09 08:23:24,18.11,mada
biz_0109-006558,2024-12-09 08:25:00,32.89,mada
biz_0109-006622,2024-12-09 08:34:04,31.29,credit_card
biz_0109-006573,2024-12-09 08:36:53,49.41,mada
biz_0109-006598,2024-12-09 08:55:32,23.97,mada
biz_0109-006556,2024-12-09 08:56:14,27.35,mada
biz_0109-006566,2024-12-09 09:02:12,16.24,cash
biz_0109-006562,2024-12-09 09:07:13,21.54,mada
biz_0109-006628,2024-12-09 09:07:55,64.16,mada
biz_0109-006600,2024-12-09 09:09:01,35.42,mada
biz_0109-006593,2024-12-09 09:14:06,21.44,mada
biz_0109-006617,2024-12-09 09:29:19,45.77,mada
biz_0109-006584,2024-12-09 09:51:57,26.06,cash
biz_0109-006624,2024-12-09 10:07:58,29.86,cash
biz_0109-006604,2024-12-09 10:38:55,30.08,credit_card
biz_0109-006571,2024-12-09 11:10:24,29.36,mada
biz_0109-006588,2024-12-09 11:25:15,54.86,mada
biz_0109-006619,2024-12-09 12:06:59,15.57,cash
biz_0109-006615,2024-12-09 12:15:46,42.4,mada
biz_0109-006579,2024-12-09 12:30:14,58.53,cash
biz_0109-006557,2024-12-09 12:34:48,37.99,mada
biz_0109-006565,2024-12-09 12:37:58,21.13,cash
biz_0109-006625,2024-12-09 12:43:17,57.43,mada
biz_0109-006560,2024-12-09 12:49:33,44.66,credit_card
biz_0109-006612,2024-12-09 12:56:30,29.25,cash
biz_0109-006616,2024-12-09 13:13:58,41.51,mada
biz_0109-006601,2024-12-09 13:27:18,39.37,mada
biz_0109-006582,2024-12-09 13:34:37,23.66,mada
biz_0109-006605,2024-12-09 13:36:49,23.34,mada
biz_0109-006614,2024-12-09 13:38:16,22.78,mada
biz_0109-006561,2024-12-09 13:40:31,13.48,mada
biz_0109-006602,2024-12-09 13:53:41,16.82,mada
biz_0109-006564,2024-12-09 13:57:04,30.35,mada
biz_0109-006578,2024-12-09 14:16:46,21.23,cash
biz_0109-006611,2024-12-09 14:20:08,14.15,mada
biz_0109-006575,2024-12-09 14:28:40,92.99,mada
biz_0109-006633,2024-12-09 14:32:55,29.3,cash
biz_0109-006572,2024-12-09 14:37:00,25.71,cash
biz_0109-006610,2024-12-09 14:38:19,30.1,cash
biz_0109-006581,2024-12-09 14:48:17,25.62,mada
biz_0109-006595,2024-12-09 14:50:20,21.19,cash
biz_0109-006607,2024-12-09 14:58:33,30.37,mada
biz_0109-006629,2024-12-09 15:37:59,72.19,credit_card
biz_0109-006599,2024-12-09 15:47:17,43.93,credit_card
biz_0109-006620,2024-12-09 16:01:13,20.55,mada
biz_0109-006577,2024-12-09 16:16:27,12.51,mada
biz_0109-006586,2024-12-09 16:28:52,12.13,mada
biz_0109-006563,2024-12-09 16:36:51,53.43,mada
biz_0109-006603,2024-12-09 16:48:54,31.34,mada
biz_0109-006609,2024-12-09 16:54:21,19.62,cash
biz_0109-006570,2024-12-09 16:58:16,44.51,cash
biz_0109-006569,2024-12-09 17:11:44,33.08,mada
biz_0109-006608,2024-12-09 17:16:03,23.03,credit_card
biz_0109-006591,2024-12-09 17:29:23,36.76,cash
biz_0109-006568,2024-12-09 17:35:08,29.06,cash
biz_0109-006585,2024-12-09 17:37:28,18.68,mada
biz_0109-006594,2024-12-09 17:38:25,28.29,mada
biz_0109-006587,2024-12-09 17:53:56,12.44,cash
biz_0109-006627,2024-12-09 17:55:55,8.94,mada
biz_0109-006583,2024-12-09 17:58:17,33.27,mada
biz_0109-006623,2024-12-09 18:04:27,16.36,cash
biz_0109-006606,2024-12-09 18:14:04,43.17,mada
biz_0109-006596,2024-12-09 18:18:09,26.93,mada
biz_0109-006590,2024-12-09 19:43:35,37.95,mada
biz_0109-006576,2024-12-09 20:49:38,44.43,mada
biz_0109-006559,2024-12-09 21:33:05,19.38,mada
biz_0109-006613,2024-12-09 21:34:16,28.97,mada
biz_0109-006618,2024-12-09 21:43:04,26.75,mada
biz_0109-006654,2024-12-10 06:47:17,16.78,mada
biz_0109-006720,2024-12-10 07:15:55,36.31,cash
biz_0109-006712,2024-12-10 07:28:56,22.14,mada
biz_0109-006669,2024-12-10 07:29:54,19.15,credit_card
biz_0109-006719,2024-12-10 07:40:54,20.33,mada
biz_0109-006695,2024-12-10 07:52:32,19.8,mada
biz_0109-006649,2024-12-10 08:01:31,77.83,mada
biz_0109-006710,2024-12-10 08:17:22,37.21,cash
biz_0109-006678,2024-12-10 08:18:53,34.28,credit_card
biz_0109-006639,2024-12-10 08:30:37,27.57,mada
biz_0109-006721,2024-12-10 08:32:36,51.33,mada
biz_0109-006694,2024-12-10 08:55:02,23.71,credit_card
biz_0109-006668,2024-12-10 09:03:22,24.21,mada
biz_0109-006703,2024-12-10 09:29:14,28.09,cash
biz_0109-006732,2024-12-10 09:34:13,17.59,mada
biz_0109-006725,2024-12-10 09:40:38,25.67,mada
biz_0109-006691,2024-12-10 10:06:33,11.27,cash
biz_0109-006677,2024-12-10 10:07:12,40.44,mada
biz_0109-006646,2024-12-10 10:12:48,32.48,mada
biz_0109-006648,2024-12-10 10:28:25,8.82,mada
biz_0109-006692,2024-12-10 10:28:45,63.27,mada
biz_0109-006731,2024-12-10 10:29:32,24.19,mada
biz_0109-006661,2024-12-10 10:29:45,27.04,credit_card
biz_0109-006685,2024-12-10 10:32:05,13.44,credit_card
biz_0109-006701,2024-12-10 10:56:03,62.22,credit_card
biz_0109-006670,2024-12-10 11:03:52,22.75,cash
biz_0109-006705,2024-12-10 11:06:52,27.05,mada
biz_0109-006696,2024-12-10 11:11:12,33.47,mada
biz_0109-006713,2024-12-10 11:21:33,20.66,credit_card
biz_0109-006711,2024-12-10 11:46:58,23.97,mada
biz_0109-006656,2024-12-10 11:59:15,18.53,mada
biz_0109-006671,2024-12-10 12:13:04,36.17,mada
biz_0109-006676,2024-12-10 12:15:36,36.69,cash
biz_0109-006714,2024-12-10 12:17:49,58.61,credit_card
biz_0109-006700,2024-12-10 12:20:11,18.29,mada
biz_0109-006653,2024-12-10 12:26:58,36.44,mada
biz_0109-006651,2024-12-10 12:27:45,25.03,cash
biz_0109-006690,2024-12-10 12:37:53,43.96,credit_card
biz_0109-006684,2024-12-10 12:42:22,23.4,mada
biz_0109-006726,2024-12-10 12:59:53,43.37,mada
biz_0109-006660,2024-12-10 13:06:58,14.2,mada
biz_0109-006675,2024-12-10 13:07:19,38.2,mada
biz_0109-006699,2024-12-10 13:12:14,37.36,mada
biz_0109-006674,2024-12-10 13:20:56,23.28,mada
biz_0109-006672,2024-12-10 13:31:10,105.3,mada
biz_0109-006730,2024-12-10 13:43:50,24.62,mada
biz_0109-006681,2024-12-10 13:47:53,23.52,mada
biz_0109-006688,2024-12-10 13:51:29,52.98,mada
biz_0109-006663,2024-12-10 13:58:28,31.42,mada
biz_0109-006707,2024-12-10 14:00:54,25.32,mada
biz_0109-006638,2024-12-10 14:04:23,32.62,mada
biz_0109-006655,2024-12-10 14:23:28,45.33,cash
biz_0109-006666,2024-12-10 14:24:12,19.63,credit_card
biz_0109-006706,2024-12-10 14:25:31,22.11,cash
biz_0109-006652,2024-12-10 14:30:22,39.27,mada
biz_0109-006636,2024-12-10 14:37:14,43.84,credit_card
biz_0109-006697,2024-12-10 14:41:58,39.09,mada
biz_0109-006718,2024-12-10 14:57:32,39.68,cash
biz_0109-006657,2024-12-10 14:57:44,10.37,cash
biz_0109-006704,2024-12-10 14:58:52,19.0,credit_card
biz_0109-006683,2024-12-10 15:00:14,11.86,credit_card
biz_0109-006634,2024-12-10 15:16:32,36.5,mada
biz_0109-006729,2024-12-10 15:18:47,27.65,credit_card
biz_0109-006727,2024-12-10 15:24:49,18.96,cash
biz_0109-006641,2024-12-10 15:48:45,21.79,mada
biz_0109-006728,2024-12-10 15:52:07,10.73,mada
biz_0109-006698,2024-12-10 16:00:47,13.1,mada
biz_0109-006643,2024-12-10 16:06:22,22.31,mada
biz_0109-006724,2024-12-10 16:11:00,17.32,mada
biz_0109-006733,2024-12-10 16:13:13,37.63,mada
biz_0109-006679,2024-12-10 16:16:09,15.03,cash
biz_0109-006659,2024-12-10 16:20:15,20.53,mada
biz_0109-006689,2024-12-10 16:23:54,10.23,mada
biz_0109-006709,2024-12-10 16:25:02,20.38,cash
biz_0109-006662,2024-12-10 16:33:20,20.06,mada
biz_0109-006644,2024-12-10 16:37:44,25.34,cash
biz_0109-006716,2024-12-10 16:47:52,17.28,credit_card
biz_0109-006717,2024-12-10 16:49:24,24.25,credit_card
biz_0109-006642,2024-12-10 16:58:31,7.05,mada
biz_0109-006635,2024-12-10 16:59:41,19.4,mada
biz_0109-006667,2024-12-10 17:01:24,12.57,mada
biz_0109-006680,2024-12-10 17:19:45,26.16,cash
biz_0109-006637,2024-12-10 17:21:04,41.62,credit_card
biz_0109-006673,2024-12-10 17:30:40,46.11,credit_card
biz_0109-006715,2024-12-10 17:34:46,35.65,cash
biz_0109-006664,2024-12-10 17:56:40,19.82,credit_card
biz_0109-006702,2024-12-10 17:59:35,40.34,mada
biz_0109-006658,2024-12-10 18:03:11,42.12,mada
biz_0109-006640,2024-12-10 18:04:35,22.24,mada
biz_0109-006682,2024-12-10 18:47:12,9.13,cash
biz_0109-006650,2024-12-10 19:12:12,28.38,cash
biz_0109-006693,2024-12-10 19:19:26,18.57,mada
biz_0109-006708,2024-12-10 19:20:14,45.66,cash
biz_0109-006687,2024-12-10 19:26:16,92.16,mada
biz_0109-006645,2024-12-10 19:44:11,41.36,mada
biz_0109-006723,2024-12-10 19:47:47,23.37,mada
biz_0109-006686,2024-12-10 20:08:59,9.92,mada
biz_0109-006647,2024-12-10 20:48:01,7.06,credit_card
biz_0109-006665,2024-12-10 21:01:42,33.18,mada
biz_0109-006722,2024-12-10 21:29:44,22.2,mada
biz_0109-006771,2024-12-11 06:20:01,43.97,mada
biz_0109-006790,2024-12-11 07:08:38,11.38,cash
biz_0109-006820,2024-12-11 07:22:52,20.99,credit_card
biz_0109-006802,2024-12-11 07:28:16,22.52,mada
biz_0109-006759,2024-12-11 07:33:25,32.14,mada
biz_0109-006828,2024-12-11 07:45:32,14.49,cash
biz_0109-006770,2024-12-11 07:54:33,14.32,credit_card
biz_0109-006808,2024-12-11 08:02:35,40.86,mada
biz_0109-006793,2024-12-11 08:06:35,20.73,cash
biz_0109-006815,2024-12-11 08:06:57,29.63,credit_card
biz_0109-006826,2024-12-11 08:32:02,36.36,mada
biz_0109-006756,2024-12-11 08:42:47,34.13,mada
biz_0109-006792,2024-12-11 08:46:35,20.02,cash
biz_0109-006822,2024-12-11 08:48:00,21.8,mada
biz_0109-006816,2024-12-11 08:52:27,16.07,mada
biz_0109-006774,2024-12-11 09:03:51,39.71,mada
biz_0109-006776,2024-12-11 09:13:44,19.76,credit_card
biz_0109-006777,2024-12-11 09:14:16,22.34,mada
biz_0109-006758,2024-12-11 09:18:37,21.74,mada
biz_0109-006760,2024-12-11 09:19:19,22.86,mada
biz_0109-006751,2024-12-11 09:36:09,39.49,mada
biz_0109-006763,2024-12-11 09:37:25,22.29,mada
biz_0109-006791,2024-12-11 09:40:51,12.84,mada
biz_0109-006810,2024-12-11 09:43:13,14.76,mada
biz_0109-006824,2024-12-11 09:55:30,16.57,credit_card
biz_0109-006755,2024-12-11 10:22:21,34.98,credit_card
biz_0109-006787,2024-12-11 11:16:21,25.03,mada
biz_0109-006819,2024-12-11 11:20:58,21.5,mada
biz_0109-006786,2024-12-11 11:21:58,23.49,mada
biz_0109-006768,2024-12-11 11:29:01,47.58,mada
biz_0109-006814,2024-12-11 11:36:53,27.57,mada
biz_0109-006740,2024-12-11 11:38:23,48.16,mada
biz_0109-006809,2024-12-11 11:42:10,82.56,mada
biz_0109-006784,2024-12-11 12:03:38,20.75,cash
biz_0109-006801,2024-12-11 12:17:31,46.61,mada
biz_0109-006762,2024-12-11 12:17:49,27.74,mada
biz_0109-006805,2024-12-11 12:18:38,29.91,credit_card
biz_0109-006741,2024-12-11 12:18:48,50.76,mada
biz_0109-006782,2024-12-11 12:21:34,13.3,cash
biz_0109-006795,2024-12-11 12:21:41,18.76,mada
biz_0109-006781,2024-12-11 12:26:23,11.2,mada
biz_0109-006761,2024-12-11 12:28:02,11.93,mada
biz_0109-006772,2024-12-11 12:48:41,7.36,mada
biz_0109-006766,2024-12-11 12:58:52,21.05,mada
biz_0109-006757,2024-12-11 12:59:35,23.88,mada
biz_0109-006748,2024-12-11 12:59:46,16.04,cash
biz_0109-006796,2024-12-11 13:08:29,37.11,cash
biz_0109-006764,2024-12-11 13:23:43,34.16,mada
biz_0109-006811,2024-12-11 13:27:40,10.0,mada
biz_0109-006785,2024-12-11 13:35:59,20.06,mada
biz_0109-006765,2024-12-11 13:41:59,27.34,mada
biz_0109-006813,2024-12-11 13:43:17,25.37,mada
biz_0109-006807,2024-12-11 13:50:32,19.31,mada
biz_0109-006779,2024-12-11 13:54:15,33.64,cash
biz_0109-006742,2024-12-11 14:05:19,20.9,credit_card
biz_0109-006734,2024-12-11 14:09:47,33.38,mada
biz_0109-006803,2024-12-11 14:25:38,36.71,mada
biz_0109-006804,2024-12-11 14:30:57,36.9,mada
biz_0109-006753,2024-12-11 14:57:18,23.53,mada
biz_0109-006769,2024-12-11 15:03:14,40.84,credit_card
biz_0109-006739,2024-12-11 15:17:33,66.78,cash
biz_0109-006747,2024-12-11 15:20:25,29.41,mada
biz_0109-006783,2024-12-11 15:22:22,24.83,cash
biz_0109-006827,2024-12-11 15:50:07,24.12,mada
biz_0109-006821,2024-12-11 16:12:28,32.91,credit_card
biz_0109-006817,2024-12-11 16:18:39,28.99,cash
biz_0109-006745,2024-12-11 16:19:29,26.8,mada
biz_0109-006736,2024-12-11 16:35:13,39.93,cash
biz_0109-006752,2024-12-11 16:59:29,26.05,credit_card
biz_0109-006744,2024-12-11 17:02:38,24.7,cash
biz_0109-006735,2024-12-11 17:02:58,20.52,cash
biz_0109-006800,2024-12-11 17:04:39,20.32,mada
biz_0109-006825,2024-12-11 17:08:43,44.21,mada
biz_0109-006799,2024-12-11 17:16:25,20.56,mada
biz_0109-006749,2024-12-11 17:30:48,23.51,mada
biz_0109-006775,2024-12-11 17:30:53,28.16,mada
biz_0109-006806,2024-12-11 17:33:20,10.49,mada
biz_0109-006829,2024-12-11 17:41:33,67.75,mada
biz_0109-006746,2024-12-11 17:49:48,33.69,mada
biz_0109-006788,2024-12-11 17:56:25,15.14,cash
biz_0109-006750,2024-12-11 17:57:57,27.06,credit_card
biz_0109-006798,2024-12-11 18:02:21,63.57,mada
biz_0109-006812,2024-12-11 18:22:53,33.57,credit_card
biz_0109-006780,2024-12-11 18:32:01,16.53,mada
biz_0109-006737,2024-12-11 18:39:56,28.67,credit_card
biz_0109-006754,2024-12-11 19:04:09,11.54,mada
biz_0109-006797,2024-12-11 19:26:39,16.39,mada
biz_0109-006738,2024-12-11 19:28:50,24.3,mada
biz_0109-006743,2024-12-11 19:28:53,73.93,mada
biz_0109-006778,2024-12-11 19:55:57,34.7,credit_card
biz_0109-006823,2024-12-11 20:06:19,37.9,mada
biz_0109-006794,2024-12-11 20:21:31,46.56,cash
biz_0109-006789,2024-12-11 20:33:42,39.23,mada
biz_0109-006818,2024-12-11 20:36:11,36.67,mada
biz_0109-006773,2024-12-11 20:49:15,34.43,mada
biz_0109-006767,2024-12-11 22:47:28,23.59,mada
biz_0109-006922,2024-12-12 05:07:39,17.38,cash
biz_0109-006855,2024-12-12 06:12:39,19.89,mada
biz_0109-006918,2024-12-12 06:54:45,42.99,credit_card
biz_0109-006860,2024-12-12 07:08:05,58.17,mada
biz_0109-006924,2024-12-12 07:13:30,28.32,mada
biz_0109-006835,2024-12-12 07:16:46,119.89,mada
biz_0109-006862,2024-12-12 07:22:20,22.39,mada
biz_0109-006914,2024-12-12 07:31:49,14.67,mada
biz_0109-006871,2024-12-12 07:34:44,26.31,mada
biz_0109-006907,2024-12-12 07:35:18,32.92,mada
biz_0109-006843,2024-12-12 07:38:14,28.62,mada
biz_0109-006957,2024-12-12 08:09:32,20.06,credit_card
biz_0109-006942,2024-12-12 08:13:35,23.06,cash
biz_0109-006889,2024-12-12 08:16:17,26.98,mada
biz_0109-006927,2024-12-12 08:19:21,22.67,mada
biz_0109-006891,2024-12-12 08:19:46,19.55,mada
biz_0109-006890,2024-12-12 08:28:12,51.69,mada
biz_0109-006894,2024-12-12 08:33:52,20.45,credit_card
biz_0109-006949,2024-12-12 08:38:56,26.29,credit_card
biz_0109-006936,2024-12-12 08:55:17,37.83,mada
biz_0109-006962,2024-12-12 08:57:05,47.15,mada
biz_0109-006912,2024-12-12 08:59:51,40.73,mada
biz_0109-006863,2024-12-12 09:06:56,86.54,mada
biz_0109-006882,2024-12-12 09:13:52,46.37,mada
biz_0109-006931,2024-12-12 09:14:46,32.46,mada
biz_0109-006928,2024-12-12 09:24:24,39.36,cash
biz_0109-006845,2024-12-12 09:31:15,14.81,mada
biz_0109-006834,2024-12-12 09:34:11,18.31,cash
biz_0109-006849,2024-12-12 10:10:35,22.76,mada
biz_0109-006963,2024-12-12 10:16:08,27.17,mada
biz_0109-006887,2024-12-12 10:21:16,19.77,mada
biz_0109-006930,2024-12-12 10:22:15,24.33,credit_card
biz_0109-006917,2024-12-12 10:23:50,34.4,mada
biz_0109-006870,2024-12-12 10:27:25,28.85,mada
biz_0109-006955,2024-12-12 10:28:57,25.5,mada
biz_0109-006961,2024-12-12 10:57:36,12.23,mada
biz_0109-006915,2024-12-12 11:00:52,45.35,mada
biz_0109-006940,2024-12-12 11:04:52,18.02,cash
biz_0109-006953,2024-12-12 11:12:03,49.76,mada
biz_0109-006956,2024-12-12 11:16:54,24.2,credit_card
biz_0109-006903,2024-12-12 11:21:54,18.85,mada
biz_0109-006911,2024-12-12 11:22:18,22.08,mada
biz_0109-006910,2024-12-12 11:24:38,23.96,mada
biz_0109-006951,2024-12-12 11:25:29,30.55,mada
biz_0109-006929,2024-12-12 11:29:33,29.51,mada
biz_0109-006932,2024-12-12 11:55:20,15.41,mada
biz_0109-006898,2024-12-12 12:00:19,21.89,cash
biz_0109-006945,2024-12-12 12:00:29,23.31,mada
biz_0109-006935,2024-12-12 12:02:21,10.16,mada
biz_0109-006913,2024-12-12 12:12:20,15.53,credit_card
biz_0109-006943,2024-12-12 12:12:25,32.79,mada
biz_0109-006856,2024-12-12 12:13:43,15.17,mada
biz_0109-006880,2024-12-12 12:23:08,30.21,mada
biz_0109-006865,2024-12-12 12:25:51,25.81,cash
biz_0109-006859,2024-12-12 12:30:43,21.15,cash
biz_0109-006831,2024-12-12 12:31:02,27.69,mada
biz_0109-006921,2024-12-12 12:32:08,36.0,cash
biz_0109-006854,2024-12-12 12:33:13,41.27,cash
biz_0109-006846,2024-12-12 12:43:52,55.3,mada
biz_0109-006900,2024-12-12 12:44:14,44.84,mada
biz_0109-006850,2024-12-12 12:44:55,15.51,mada
biz_0109-006933,2024-12-12 12:48:34,33.2,cash
biz_0109-006838,2024-12-12 13:00:09,20.15,mada
biz_0109-006893,2024-12-12 13:08:13,82.95,mada
biz_0109-006837,2024-12-12 13:11:26,33.02,mada
biz_0109-006873,2024-12-12 13:12:55,56.25,mada
biz_0109-006869,2024-12-12 13:15:41,11.48,credit_card
biz_0109-006877,2024-12-12 13:19:16,29.64,cash
biz_0109-006901,2024-12-12 13:25:40,35.98,mada
biz_0109-006830,2024-12-12 13:25:54,30.72,cash
biz_0109-006878,2024-12-12 13:30:25,28.35,credit_card
biz_0109-006885,2024-12-12 13:33:17,31.55,mada
biz_0109-006950,2024-12-12 13:33:50,21.75,mada
biz_0109-006884,2024-12-12 13:34:48,28.47,cash
biz_0109-006839,2024-12-12 13:55:16,46.21,mada
biz_0109-006941,2024-12-12 14:21:55,40.2,mada
biz_0109-006895,2024-12-12 14:25:49,48.47,mada
biz_0109-006867,2024-12-12 14:29:29,41.78,mada
biz_0109-006916,2024-12-12 14:50:18,37.94,cash
biz_0109-006874,2024-12-12 14:58:23,16.21,mada
biz_0109-006866,2024-12-12 14:59:44,78.59,cash
biz_0109-006899,2024-12-12 15:00:12,16.11,credit_card
biz_0109-006904,2024-12-12 15:00:32,27.31,cash
biz_0109-006881,2024-12-12 15:14:24,39.96,mada
biz_0109-006905,2024-12-12 15:19:39,33.22,credit_card
biz_0109-006864,2024-12-12 15:19:47,28.1,mada
biz_0109-006902,2024-12-12 15:21:23,19.94,mada
biz_0109-006959,2024-12-12 15:23:29,21.63,cash
biz_0109-006920,2024-12-12 15:24:21,28.4,mada
biz_0109-006939,2024-12-12 15:25:55,40.9,mada
biz_0109-006919,2024-12-12 15:31:37,52.2,credit_card
biz_0109-006938,2024-12-12 15:38:37,16.62,mada
biz_0109-006944,2024-12-12 16:04:57,12.45,mada
biz_0109-006875,2024-12-12 16:25:50,28.31,mada
biz_0109-006858,2024-12-12 16:27:11,23.84,mada
biz_0109-006909,2024-12-12 16:28:25,23.85,credit_card
biz_0109-006861,2024-12-12 16:32:27,29.19,mada
biz_0109-006897,2024-12-12 16:36:31,16.52,credit_card
biz_0109-006832,2024-12-12 16:37:32,19.43,mada
biz_0109-006872,2024-12-12 16:38:27,52.27,mada
biz_0109-006848,2024-12-12 16:49:23,45.16,mada
biz_0109-006857,2024-12-12 17:02:17,80.18,mada
biz_0109-006946,2024-12-12 17:05:30,19.06,mada
biz_0109-006886,2024-12-12 17:06:50,32.09,mada
biz_0109-006960,2024-12-12 17:08:18,31.28,credit_card
biz_0109-006840,2024-12-12 17:11:59,31.69,cash
biz_0109-006876,2024-12-12 17:22:45,33.9,mada
biz_0109-006888,2024-12-12 17:25:13,23.03,mada
biz_0109-006847,2024-12-12 17:35:56,37.09,credit_card
biz_0109-006934,2024-12-12 17:39:05,22.33,credit_card
biz_0109-006896,2024-12-12 17:43:37,16.4,mada
biz_0109-006958,2024-12-12 17:50:23,22.63,cash
biz_0109-006925,2024-12-12 17:50:54,26.59,credit_card
biz_0109-006851,2024-12-12 17:54:04,20.96,credit_card
biz_0109-006906,2024-12-12 17:59:54,20.63,mada
biz_0109-006952,2024-12-12 18:04:12,32.03,mada
biz_0109-006842,2024-12-12 18:04:47,23.3,mada
biz_0109-006908,2024-12-12 18:12:57,33.84,credit_card
biz_0109-006948,2024-12-12 18:15:39,31.62,cash
biz_0109-006954,2024-12-12 18:21:56,56.33,mada
biz_0109-006923,2024-12-12 18:22:50,27.63,cash
biz_0109-006833,2024-12-12 18:27:29,26.88,credit_card
biz_0109-006841,2024-12-12 18:38:19,22.76,credit_card
biz_0109-006892,2024-12-12 18:48:29,18.29,cash
biz_0109-006883,2024-12-12 18:48:56,29.15,mada
biz_0109-006926,2024-12-12 18:50:16,56.94,mada
biz_0109-006947,2024-12-12 18:50:22,32.37,mada
biz_0109-006844,2024-12-12 18:55:53,36.89,mada
biz_0109-006853,2024-12-12 18:59:38,12.71,credit_card
biz_0109-006937,2024-12-12 19:07:55,27.82,mada
biz_0109-006879,2024-12-12 19:57:14,29.07,mada
biz_0109-006868,2024-12-12 20:12:14,45.48,mada
biz_0109-006852,2024-12-12 20:40:12,52.32,mada
biz_0109-006836,2024-12-12 23:02:23,28.98,mada
biz_0109-006964,2024-12-13 07:10:55,23.1,mada
biz_0109-007037,2024-12-13 07:13:40,62.69,mada
biz_0109-007063,2024-12-13 07:18:01,18.18,mada
biz_0109-007049,2024-12-13 07:21:03,30.21,credit_card
biz_0109-006975,2024-12-13 07:21:09,42.98,mada
biz_0109-006976,2024-12-13 07:21:54,39.54,mada
biz_0109-007048,2024-12-13 07:23:02,20.26,credit_card
biz_0109-007054,2024-12-13 07:28:01,73.1,mada
biz_0109-007038,2024-12-13 07:32:00,41.42,credit_card
biz_0109-007043,2024-12-13 07:37:55,10.87,mada
biz_0109-007051,2024-12-13 07:42:18,22.54,mada
biz_0109-007055,2024-12-13 07:44:18,41.3,credit_card
biz_0109-006970,2024-12-13 07:48:27,16.83,cash
biz_0109-007072,2024-12-13 07:52:21,20.52,credit_card
biz_0109-007069,2024-12-13 07:52:29,30.5,cash
biz_0109-006965,2024-12-13 08:00:31,10.78,mada
biz_0109-007035,2024-12-13 08:03:35,16.38,credit_card
biz_0109-007008,2024-12-13 08:11:43,25.12,mada
biz_0109-007042,2024-12-13 08:17:36,52.22,cash
biz_0109-007050,2024-12-13 08:35:06,45.98,cash
biz_0109-007010,2024-12-13 08:40:47,31.05,credit_card
biz_0109-007040,2024-12-13 08:57:50,42.48,mada
biz_0109-006968,2024-12-13 09:02:34,20.71,cash
biz_0109-007026,2024-12-13 09:10:42,30.68,cash
biz_0109-006993,2024-12-13 09:14:20,36.81,credit_card
biz_0109-006981,2024-12-13 09:16:45,31.09,cash
biz_0109-007001,2024-12-13 09:23:03,18.99,mada
biz_0109-006992,2024-12-13 09:27:23,24.06,mada
biz_0109-007005,2024-12-13 09:37:49,41.09,mada
biz_0109-007061,2024-12-13 09:44:00,29.35,mada
biz_0109-006995,2024-12-13 09:50:02,29.77,mada
biz_0109-007060,2024-12-13 09:50:21,14.82,cash
biz_0109-007020,2024-12-13 09:51:52,17.27,mada
biz_0109-006967,2024-12-13 09:52:07,54.61,cash
biz_0109-006994,2024-12-13 09:53:41,50.59,mada
biz_0109-006980,2024-12-13 09:56:52,40.85,mada
biz_0109-006999,2024-12-13 10:08:40,8.36,mada
biz_0109-007062,2024-12-13 10:09:39,71.79,cash
biz_0109-007044,2024-12-13 10:32:44,30.67,mada
biz_0109-007058,2024-12-13 10:44:02,29.01,credit_card
biz_0109-007022,2024-12-13 10:52:36,60.58,credit_card
biz_0109-006985,2024-12-13 11:35:48,27.19,mada
biz_0109-007019,2024-12-13 11:40:29,35.41,mada
biz_0109-006969,2024-12-13 11:52:55,13.23,mada
biz_0109-007004,2024-12-13 12:00:18,29.93,mada
biz_0109-007052,2024-12-13 12:05:20,25.93,mada
biz_0109-007065,2024-12-13 12:19:59,25.14,mada
biz_0109-007053,2024-12-13 12:24:56,29.99,mada
biz_0109-007014,2024-12-13 12:37:47,36.5,cash
biz_0109-007021,2024-12-13 12:39:33,16.06,mada
biz_0109-007031,2024-12-13 12:43:19,34.75,mada
biz_0109-007023,2024-12-13 12:58:25,22.37,mada
biz_0109-006982,2024-12-13 13:16:06,66.36,mada
biz_0109-007030,2024-12-13 13:21:48,50.56,cash
biz_0109-007033,2024-12-13 13:26:56,20.9,cash
biz_0109-007045,2024-12-13 13:29:00,85.75,cash
biz_0109-007007,2024-12-13 13:31:24,41.09,mada
biz_0109-006991,2024-12-13 13:53:07,27.83,mada
biz_0109-006984,2024-12-13 13:55:36,22.4,credit_card
biz_0109-007016,2024-12-13 13:56:13,25.12,mada
biz_0109-006996,2024-12-13 14:00:00,40.7,mada
biz_0109-006978,2024-12-13 14:05:46,41.11,mada
biz_0109-006974,2024-12-13 14:12:47,26.61,cash
biz_0109-007057,2024-12-13 14:13:20,10.45,mada
biz_0109-007027,2024-12-13 14:14:56,34.95,mada
biz_0109-007032,2024-12-13 14:18:40,28.66,mada
biz_0109-007009,2024-12-13 14:33:01,20.58,mada
biz_0109-006977,2024-12-13 14:34:41,32.52,cash
biz_0109-006971,2024-12-13 15:04:56,16.17,mada
biz_0109-007068,2024-12-13 15:13:38,30.5,mada
biz_0109-007041,2024-12-13 15:33:28,46.25,mada
biz_0109-006987,2024-12-13 15:38:28,18.51,cash
biz_0109-006998,2024-12-13 15:43:42,19.6,mada
biz_0109-007017,2024-12-13 15:46:52,12.34,credit_card
biz_0109-006973,2024-12-13 15:53:59,23.91,cash
biz_0109-007000,2024-12-13 16:05:59,12.31,credit_card
biz_0109-007066,2024-12-13 16:08:26,19.84,mada
biz_0109-007059,2024-12-13 16:18:42,16.22,mada
biz_0109-006972,2024-12-13 16:21:08,42.77,mada
biz_0109-007046,2024-12-13 16:24:04,14.89,mada
biz_0109-007028,2024-12-13 16:27:54,23.11,mada
biz_0109-007011,2024-12-13 16:37:02,56.16,mada
biz_0109-007029,2024-12-13 16:41:26,28.01,mada
biz_0109-007006,2024-12-13 16:42:15,25.67,credit_card
biz_0109-007067,2024-12-13 16:52:01,56.63,mada
biz_0109-006983,2024-12-13 17:15:06,26.29,credit_card
biz_0109-007013,2024-12-13 17:17:22,35.52,mada
biz_0109-007039,2024-12-13 17:19:04,16.9,mada
biz_0109-007034,2024-12-13 17:21:36,12.49,mada
biz_0109-007024,2024-12-13 17:31:09,57.21,mada
biz_0109-006997,2024-12-13 17:32:01,35.69,cash
biz_0109-006990,2024-12-13 17:32:11,43.41,credit_card
biz_0109-006979,2024-12-13 17:35:50,28.98,mada
biz_0109-007036,2024-12-13 17:38:07,22.92,mada
biz_0109-006986,2024-12-13 18:00:08,17.75,cash
biz_0109-006989,2024-12-13 18:00:12,21.91,mada
biz_0109-007070,2024-12-13 18:11:15,13.49,mada
biz_0109-006966,2024-12-13 18:13:00,31.11,mada
biz_0109-007018,2024-12-13 18:45:03,21.88,mada
biz_0109-007015,2024-12-13 18:46:25,25.19,mada
biz_0109-006988,2024-12-13 18:51:12,15.11,mada
biz_0109-007064,2024-12-13 19:08:04,30.35,mada
biz_0109-007025,2024-12-13 19:24:47,12.26,mada
biz_0109-007056,2024-12-13 19:33:02,27.65,mada
biz_0109-007003,2024-12-13 19:57:11,48.22,mada
biz_0109-007012,2024-12-13 20:01:58,17.04,mada
biz_0109-007002,2024-12-13 21:52:28,46.26,credit_card
biz_0109-007047,2024-12-13 22:53:32,78.25,credit_card
biz_0109-007071,2024-12-13 23:16:09,38.72,mada
biz_0109-007173,2024-12-14 03:02:07,18.71,cash
biz_0109-007115,2024-12-14 06:02:20,59.09,mada
biz_0109-007132,2024-12-14 06:10:21,35.46,mada
biz_0109-007141,2024-12-14 06:14:42,46.38,mada
biz_0109-007077,2024-12-14 07:08:58,27.17,mada
biz_0109-007107,2024-12-14 07:17:19,22.74,mada
biz_0109-007118,2024-12-14 07:19:56,24.35,mada
biz_0109-007076,2024-12-14 07:19:57,17.98,credit_card
biz_0109-007174,2024-12-14 07:21:49,35.23,credit_card
biz_0109-007100,2024-12-14 07:27:10,15.72,credit_card
biz_0109-007182,2024-12-14 07:33:27,64.05,cash
biz_0109-007175,2024-12-14 07:37:22,28.6,mada
biz_0109-007121,2024-12-14 07:46:17,46.98,mada
biz_0109-007092,2024-12-14 08:03:03,33.03,mada
biz_0109-007074,2024-12-14 08:06:57,46.37,mada
biz_0109-007105,2024-12-14 08:10:48,18.0,mada
biz_0109-007103,2024-12-14 08:14:12,14.35,mada
biz_0109-007183,2024-12-14 08:24:50,42.72,mada
biz_0109-007161,2024-12-14 08:32:04,38.41,cash
biz_0109-007114,2024-12-14 08:33:51,32.38,mada
biz_0109-007145,2024-12-14 08:34:51,16.29,mada
biz_0109-007110,2024-12-14 08:37:09,32.75,cash
biz_0109-007083,2024-12-14 08:58:06,60.13,mada
biz_0109-007128,2024-12-14 09:29:39,15.38,cash
biz_0109-007090,2024-12-14 10:07:01,31.93,mada
biz_0109-007113,2024-12-14 10:08:56,13.23,mada
biz_0109-007147,2024-12-14 10:13:15,23.31,mada
biz_0109-007143,2024-12-14 10:38:35,17.34,mada
biz_0109-007098,2024-12-14 10:45:19,30.49,mada
biz_0109-007151,2024-12-14 11:32:37,15.97,mada
biz_0109-007137,2024-12-14 12:02:05,21.86,mada
biz_0109-007177,2024-12-14 12:05:21,24.56,mada
biz_0109-007144,2024-12-14 12:10:35,47.25,mada
biz_0109-007165,2024-12-14 12:18:28,47.87,mada
biz_0109-007106,2024-12-14 12:21:17,8.94,mada
biz_0109-007123,2024-12-14 12:26:56,50.4,mada
biz_0109-007155,2024-12-14 12:39:42,25.91,mada
biz_0109-007180,2024-12-14 12:40:36,52.97,mada
biz_0109-007179,2024-12-14 12:44:56,58.32,mada
biz_0109-007099,2024-12-14 12:49:39,23.67,cash
biz_0109-007154,2024-12-14 12:57:05,23.45,mada
biz_0109-007080,2024-12-14 13:07:24,16.83,mada
biz_0109-007104,2024-12-14 13:10:15,41.89,mada
biz_0109-007130,2024-12-14 13:16:45,23.32,cash
biz_0109-007157,2024-12-14 13:23:19,37.54,mada
biz_0109-007181,2024-12-14 13:34:44,18.01,mada
biz_0109-007094,2024-12-14 13:34:51,11.36,mada
biz_0109-007122,2024-12-14 13:37:05,27.43,mada
biz_0109-007108,2024-12-14 13:38:03,47.64,mada
biz_0109-007075,2024-12-14 13:41:47,15.25,mada
biz_0109-007152,2024-12-14 13:41:48,42.15,mada
biz_0109-007073,2024-12-14 13:49:34,22.87,mada
biz_0109-007142,2024-12-14 13:52:06,22.13,mada
biz_0109-007095,2024-12-14 13:56:31,25.68,cash
biz_0109-007109,2024-12-14 14:00:53,12.09,credit_card
biz_0109-007131,2024-12-14 14:05:26,19.52,mada
biz_0109-007167,2024-12-14 14:27:32,17.14,credit_card
biz_0109-007149,2024-12-14 14:29:22,29.76,mada
biz_0109-007168,2024-12-14 14:31:48,26.99,mada
biz_0109-007153,2024-12-14 14:36:35,23.72,mada
biz_0109-007116,2024-12-14 14:39:29,15.74,mada
biz_0109-007089,2024-12-14 14:58:20,25.04,credit_card
biz_0109-007166,2024-12-14 15:00:14,32.97,mada
biz_0109-007124,2024-12-14 15:02:16,34.25,mada
biz_0109-007136,2024-12-14 15:38:19,54.04,mada
biz_0109-007170,2024-12-14 16:02:57,18.14,credit_card
biz_0109-007164,2024-12-14 16:04:18,37.43,cash
biz_0109-007148,2024-12-14 16:05:01,27.63,credit_card
biz_0109-007138,2024-12-14 16:16:58,31.78,mada
biz_0109-007133,2024-12-14 16:17:34,16.83,credit_card
biz_0109-007160,2024-12-14 16:17:54,19.77,cash
biz_0109-007150,2024-12-14 16:20:43,19.97,credit_card
biz_0109-007101,2024-12-14 16:22:38,64.14,mada
biz_0109-007126,2024-12-14 16:25:25,21.09,mada
biz_0109-007176,2024-12-14 16:39:24,36.03,mada
biz_0109-007086,2024-12-14 16:44:32,22.46,mada
biz_0109-007135,2024-12-14 16:51:00,18.55,cash
biz_0109-007134,2024-12-14 16:53:25,29.79,mada
biz_0109-007081,2024-12-14 17:02:06,28.62,mada
biz_0109-007117,2024-12-14 17:04:01,13.87,mada
biz_0109-007127,2024-12-14 17:04:24,58.44,mada
biz_0109-007088,2024-12-14 17:08:31,21.38,mada
biz_0109-007093,2024-12-14 17:16:44,38.36,credit_card
biz_0109-007163,2024-12-14 17:16:53,25.88,mada
biz_0109-007159,2024-12-14 17:22:30,20.36,mada
biz_0109-007146,2024-12-14 17:28:39,18.7,mada
biz_0109-007102,2024-12-14 17:32:46,31.48,mada
biz_0109-007084,2024-12-14 17:37:58,63.66,cash
biz_0109-007112,2024-12-14 17:39:29,30.78,mada
biz_0109-007078,2024-12-14 17:41:12,27.88,mada
biz_0109-007139,2024-12-14 17:43:06,26.6,mada
biz_0109-007156,2024-12-14 17:47:48,40.09,cash
biz_0109-007111,2024-12-14 17:52:31,15.27,mada
biz_0109-007172,2024-12-14 18:10:31,29.72,credit_card
biz_0109-007082,2024-12-14 18:12:54,86.97,mada
biz_0109-007169,2024-12-14 18:18:29,55.68,cash
biz_0109-007096,2024-12-14 18:39:13,55.57,credit_card
biz_0109-007140,2024-12-14 18:45:20,28.5,mada
biz_0109-007158,2024-12-14 18:47:11,13.48,mada
biz_0109-007097,2024-12-14 19:01:08,33.6,mada
biz_0109-007087,2024-12-14 19:11:33,27.34,mada
biz_0109-007079,2024-12-14 19:17:28,34.27,mada
biz_0109-007085,2024-12-14 19:20:48,62.4,mada
biz_0109-007129,2024-12-14 19:28:08,43.18,mada
biz_0109-007171,2024-12-14 19:48:07,47.12,mada
biz_0109-007120,2024-12-14 19:52:46,39.46,cash
biz_0109-007162,2024-12-14 19:56:03,61.58,cash
biz_0109-007125,2024-12-14 19:57:54,23.07,cash
biz_0109-007091,2024-12-14 20:31:46,34.45,mada
biz_0109-007119,2024-12-14 20:55:04,28.33,mada
biz_0109-007178,2024-12-14 22:38:13,66.42,mada
biz_0109-007228,2024-12-15 01:46:31,20.07,mada
biz_0109-007242,2024-12-15 04:07:42,31.03,credit_card
biz_0109-007184,2024-12-15 06:41:23,59.78,cash
biz_0109-007201,2024-12-15 07:06:36,20.62,cash
biz_0109-007189,2024-12-15 07:12:23,48.92,mada
biz_0109-007188,2024-12-15 07:14:21,40.78,mada
biz_0109-007252,2024-12-15 07:39:22,43.19,cash
biz_0109-007221,2024-12-15 07:52:16,30.77,cash
biz_0109-007202,2024-12-15 08:01:34,26.2,cash
biz_0109-007215,2024-12-15 08:01:56,38.63,mada
biz_0109-007230,2024-12-15 08:04:41,25.66,mada
biz_0109-007191,2024-12-15 08:15:29,26.36,credit_card
biz_0109-007251,2024-12-15 08:26:37,30.02,mada
biz_0109-007192,2024-12-15 08:27:18,19.77,mada
biz_0109-007214,2024-12-15 08:39:48,19.09,mada
biz_0109-007187,2024-12-15 08:44:58,46.79,cash
biz_0109-007232,2024-12-15 08:58:32,42.27,mada
biz_0109-007264,2024-12-15 09:02:13,48.72,cash
biz_0109-007186,2024-12-15 09:36:26,23.94,mada
biz_0109-007237,2024-12-15 09:54:14,22.8,credit_card
biz_0109-007263,2024-12-15 10:34:39,50.97,cash
biz_0109-007206,2024-12-15 10:35:52,34.41,credit_card
biz_0109-007240,2024-12-15 10:37:39,20.75,mada
biz_0109-007209,2024-12-15 10:41:19,28.7,mada
biz_0109-007217,2024-12-15 10:44:56,18.57,mada
biz_0109-007258,2024-12-15 10:47:14,18.11,mada
biz_0109-007245,2024-12-15 10:52:11,22.3,mada
biz_0109-007198,2024-12-15 11:17:46,42.81,mada
biz_0109-007216,2024-12-15 12:08:30,16.14,credit_card
biz_0109-007199,2024-12-15 12:12:40,33.97,cash
biz_0109-007262,2024-12-15 12:24:47,22.93,cash
biz_0109-007224,2024-12-15 12:33:56,30.22,mada
biz_0109-007194,2024-12-15 12:45:28,46.49,credit_card
biz_0109-007259,2024-12-15 12:50:46,43.07,credit_card
biz_0109-007226,2024-12-15 12:52:08,11.42,mada
biz_0109-007234,2024-12-15 12:59:05,28.4,mada
biz_0109-007247,2024-12-15 13:02:08,17.53,mada
biz_0109-007219,2024-12-15 13:04:06,16.95,mada
biz_0109-007229,2024-12-15 13:06:17,16.49,mada
biz_0109-007227,2024-12-15 13:19:21,50.98,mada
biz_0109-007185,2024-12-15 13:21:10,17.28,mada
biz_0109-007250,2024-12-15 13:21:46,23.94,credit_card
biz_0109-007235,2024-12-15 13:33:12,20.39,credit_card
biz_0109-007205,2024-12-15 13:40:32,18.09,mada
biz_0109-007236,2024-12-15 13:40:55,42.17,credit_card
biz_0109-007241,2024-12-15 13:42:00,28.31,mada
biz_0109-007207,2024-12-15 14:01:56,21.21,cash
biz_0109-007249,2024-12-15 14:31:33,20.52,mada
biz_0109-007253,2024-12-15 14:45:46,38.31,cash
biz_0109-007208,2024-12-15 14:49:02,32.26,mada
biz_0109-007204,2024-12-15 15:01:41,9.87,credit_card
biz_0109-007190,2024-12-15 15:16:22,13.88,cash
biz_0109-007200,2024-12-15 15:23:37,90.48,mada
biz_0109-007257,2024-12-15 15:54:54,36.54,mada
biz_0109-007193,2024-12-15 16:00:15,14.64,mada
biz_0109-007222,2024-12-15 16:08:55,41.64,mada
biz_0109-007195,2024-12-15 16:21:13,21.85,mada
biz_0109-007256,2024-12-15 16:26:29,33.87,mada
biz_0109-007244,2024-12-15 16:31:22,27.72,mada
biz_0109-007220,2024-12-15 16:31:51,19.94,mada
biz_0109-007211,2024-12-15 16:38:35,44.77,mada
biz_0109-007196,2024-12-15 17:06:24,24.95,cash
biz_0109-007225,2024-12-15 17:07:55,24.91,cash
biz_0109-007243,2024-12-15 17:08:44,50.04,credit_card
biz_0109-007248,2024-12-15 17:09:29,41.0,mada
biz_0109-007218,2024-12-15 17:37:13,24.01,mada
biz_0109-007246,2024-12-15 17:38:44,26.57,mada
biz_0109-007197,2024-12-15 17:44:59,50.84,credit_card
biz_0109-007212,2024-12-15 17:58:27,35.49,mada
biz_0109-007255,2024-12-15 18:28:27,102.89,cash
biz_0109-007238,2024-12-15 18:47:33,31.35,credit_card
biz_0109-007239,2024-12-15 18:58:58,24.13,cash
biz_0109-007210,2024-12-15 19:16:51,28.89,credit_card
biz_0109-007233,2024-12-15 19:23:09,18.14,mada
biz_0109-007260,2024-12-15 19:25:29,36.62,mada
biz_0109-007254,2024-12-15 19:45:36,25.03,mada
biz_0109-007213,2024-12-15 19:48:49,20.98,mada
biz_0109-007231,2024-12-15 19:57:58,13.16,mada
biz_0109-007203,2024-12-15 20:13:00,19.68,mada
biz_0109-007223,2024-12-15 20:33:51,37.09,mada
biz_0109-007261,2024-12-15 21:02:13,12.91,mada
biz_0109-007284,2024-12-16 06:44:51,43.99,cash
biz_0109-007330,2024-12-16 07:06:55,19.4,mada
biz_0109-007313,2024-12-16 07:10:41,55.67,mada
biz_0109-007311,2024-12-16 07:24:47,42.49,mada
biz_0109-007281,2024-12-16 07:31:15,46.31,mada
biz_0109-007303,2024-12-16 07:34:52,31.97,mada
biz_0109-007296,2024-12-16 07:51:50,35.65,mada
biz_0109-007304,2024-12-16 08:00:51,30.86,mada
biz_0109-007302,2024-12-16 08:03:30,35.39,mada
biz_0109-007326,2024-12-16 08:16:21,38.15,cash
biz_0109-007321,2024-12-16 08:25:15,44.12,mada
biz_0109-007332,2024-12-16 08:38:38,19.93,mada
biz_0109-007295,2024-12-16 08:46:59,12.47,mada
biz_0109-007329,2024-12-16 08:50:16,30.41,mada
biz_0109-007297,2024-12-16 08:57:45,39.76,mada
biz_0109-007299,2024-12-16 09:01:28,24.85,cash
biz_0109-007277,2024-12-16 09:13:32,17.26,mada
biz_0109-007266,2024-12-16 09:16:44,43.89,cash
biz_0109-007320,2024-12-16 09:24:10,51.19,mada
biz_0109-007308,2024-12-16 09:53:28,18.72,mada
biz_0109-007334,2024-12-16 09:59:58,23.71,mada
biz_0109-007315,2024-12-16 10:22:11,33.28,mada
biz_0109-007267,2024-12-16 10:40:16,45.44,credit_card
biz_0109-007305,2024-12-16 11:14:42,14.92,mada
biz_0109-007278,2024-12-16 11:54:10,26.88,credit_card
biz_0109-007279,2024-12-16 12:08:01,40.96,cash
biz_0109-007307,2024-12-16 12:14:30,26.73,mada
biz_0109-007270,2024-12-16 12:17:33,19.49,cash
biz_0109-007324,2024-12-16 12:21:26,24.61,mada
biz_0109-007331,2024-12-16 13:05:13,17.49,cash
biz_0109-007298,2024-12-16 13:10:26,19.47,cash
biz_0109-007268,2024-12-16 13:20:03,52.48,mada
biz_0109-007292,2024-12-16 13:29:10,55.32,mada
biz_0109-007269,2024-12-16 13:38:24,28.23,mada
biz_0109-007272,2024-12-16 13:49:12,58.4,mada
biz_0109-007288,2024-12-16 13:52:08,40.07,mada
biz_0109-007322,2024-12-16 14:32:02,41.13,mada
biz_0109-007306,2024-12-16 14:39:05,17.68,cash
biz_0109-007276,2024-12-16 14:44:11,19.8,cash
biz_0109-007274,2024-12-16 14:51:30,29.55,mada
biz_0109-007280,2024-12-16 14:52:03,15.92,mada
biz_0109-007289,2024-12-16 15:20:13,18.54,mada
biz_0109-007318,2024-12-16 15:26:00,32.41,credit_card
biz_0109-007314,2024-12-16 15:29:58,23.74,mada
biz_0109-007290,2024-12-16 15:39:58,30.83,mada
biz_0109-007282,2024-12-16 15:43:42,40.93,mada
biz_0109-007287,2024-12-16 16:04:35,32.65,credit_card
biz_0109-007273,2024-12-16 16:11:17,22.1,mada
biz_0109-007291,2024-12-16 16:27:10,12.54,mada
biz_0109-007325,2024-12-16 16:27:26,46.24,mada
biz_0109-007328,2024-12-16 16:47:42,23.16,credit_card
biz_0109-007319,2024-12-16 16:53:26,21.83,mada
biz_0109-007275,2024-12-16 17:04:30,31.43,mada
biz_0109-007327,2024-12-16 17:19:59,23.79,cash
biz_0109-007310,2024-12-16 17:22:40,21.0,mada
biz_0109-007309,2024-12-16 17:25:32,61.92,mada
biz_0109-007285,2024-12-16 17:27:34,12.24,mada
biz_0109-007283,2024-12-16 17:31:49,20.4,credit_card
biz_0109-007265,2024-12-16 18:00:32,25.31,cash
biz_0109-007271,2024-12-16 18:16:06,9.27,mada
biz_0109-007286,2024-12-16 18:22:37,22.28,mada
biz_0109-007293,2024-12-16 18:25:14,35.32,mada
biz_0109-007300,2024-12-16 18:38:34,35.21,mada
biz_0109-007333,2024-12-16 19:10:12,13.58,mada
biz_0109-007312,2024-12-16 19:54:41,34.79,credit_card
biz_0109-007294,2024-12-16 19:55:39,25.03,credit_card
biz_0109-007316,2024-12-16 20:09:42,37.93,credit_card
biz_0109-007323,2024-12-16 20:29:15,21.12,cash
biz_0109-007301,2024-12-16 20:44:03,34.55,mada
biz_0109-007317,2024-12-16 22:43:55,24.06,mada
biz_0109-007355,2024-12-17 05:06:39,22.82,mada
biz_0109-007393,2024-12-17 06:09:03,72.02,mada
biz_0109-007367,2024-12-17 06:42:44,13.72,mada
biz_0109-007383,2024-12-17 07:19:18,20.1,mada
biz_0109-007431,2024-12-17 07:21:55,25.66,mada
biz_0109-007429,2024-12-17 07:39:32,36.84,mada
biz_0109-007375,2024-12-17 07:48:10,23.43,credit_card
biz_0109-007421,2024-12-17 07:55:55,60.32,mada
biz_0109-007346,2024-12-17 08:03:33,24.86,mada
biz_0109-007438,2024-12-17 08:03:33,40.0,mada
biz_0109-007360,2024-12-17 08:04:33,23.72,mada
biz_0109-007425,2024-12-17 08:04:54,18.93,mada
biz_0109-007409,2024-12-17 08:10:29,22.47,mada
biz_0109-007354,2024-12-17 08:11:02,27.95,cash
biz_0109-007337,2024-12-17 08:23:12,26.14,mada
biz_0109-007350,2024-12-17 08:39:08,26.11,mada
biz_0109-007407,2024-12-17 08:44:18,21.73,mada
biz_0109-007401,2024-12-17 08:49:55,51.02,mada
biz_0109-007424,2024-12-17 08:59:02,56.91,mada
biz_0109-007365,2024-12-17 09:06:00,33.3,mada
biz_0109-007379,2024-12-17 09:07:29,34.03,mada
biz_0109-007366,2024-12-17 09:17:43,21.51,credit_card
biz_0109-007427,2024-12-17 09:22:53,67.99,mada
biz_0109-007395,2024-12-17 09:46:39,9.39,mada
biz_0109-007389,2024-12-17 10:02:26,53.23,cash
biz_0109-007357,2024-12-17 10:05:12,21.85,cash
biz_0109-007368,2024-12-17 10:08:55,42.3,mada
biz_0109-007340,2024-12-17 10:32:03,35.62,mada
biz_0109-007364,2024-12-17 10:34:26,27.75,mada
biz_0109-007376,2024-12-17 10:38:41,31.05,mada
biz_0109-007388,2024-12-17 10:58:12,19.28,mada
biz_0109-007410,2024-12-17 11:14:16,47.15,mada
biz_0109-007423,2024-12-17 11:45:08,19.96,cash
biz_0109-007405,2024-12-17 12:14:55,25.34,mada
biz_0109-007373,2024-12-17 12:18:14,33.66,mada
biz_0109-007374,2024-12-17 12:24:14,30.78,mada
biz_0109-007338,2024-12-17 12:26:48,33.72,cash
biz_0109-007435,2024-12-17 12:35:28,30.59,mada
biz_0109-007397,2024-12-17 12:40:20,35.37,mada
biz_0109-007403,2024-12-17 12:42:45,23.07,mada
biz_0109-007396,2024-12-17 12:43:36,55.37,mada
biz_0109-007359,2024-12-17 12:51:18,46.99,cash
biz_0109-007402,2024-12-17 12:59:15,23.98,mada
biz_0109-007362,2024-12-17 13:06:21,32.2,cash
biz_0109-007339,2024-12-17 13:15:13,27.82,cash
biz_0109-007400,2024-12-17 13:16:31,13.99,mada
biz_0109-007420,2024-12-17 13:22:34,28.4,credit_card
biz_0109-007390,2024-12-17 13:31:26,17.64,mada
biz_0109-007356,2024-12-17 13:40:41,44.79,mada
biz_0109-007411,2024-12-17 13:41:50,32.03,credit_card
biz_0109-007398,2024-12-17 13:52:56,24.53,cash
biz_0109-007385,2024-12-17 13:57:38,13.26,mada
biz_0109-007404,2024-12-17 13:58:42,13.69,mada
biz_0109-007434,2024-12-17 13:59:32,59.48,mada
biz_0109-007377,2024-12-17 14:01:34,17.16,mada
biz_0109-007361,2024-12-17 14:07:46,49.33,mada
biz_0109-007391,2024-12-17 14:08:17,16.39,cash
biz_0109-007363,2024-12-17 14:17:09,28.8,mada
biz_0109-007442,2024-12-17 14:19:07,49.35,cash
biz_0109-007342,2024-12-17 14:24:45,29.79,mada
biz_0109-007417,2024-12-17 14:28:11,47.13,mada
biz_0109-007352,2024-12-17 14:29:47,20.66,mada
biz_0109-007433,2024-12-17 14:33:46,19.32,mada
biz_0109-007414,2024-12-17 14:35:47,10.93,cash
biz_0109-007437,2024-12-17 14:37:57,24.97,mada
biz_0109-007441,2024-12-17 14:40:19,36.05,credit_card
biz_0109-007371,2024-12-17 14:40:32,22.7,mada
biz_0109-007349,2024-12-17 14:57:31,29.69,mada
biz_0109-007426,2024-12-17 15:02:17,23.5,mada
biz_0109-007412,2024-12-17 15:11:50,13.11,mada
biz_0109-007428,2024-12-17 15:23:38,17.52,cash
biz_0109-007369,2024-12-17 15:30:29,45.2,cash
biz_0109-007416,2024-12-17 15:33:40,60.88,credit_card
biz_0109-007394,2024-12-17 15:41:59,24.34,mada
biz_0109-007419,2024-12-17 15:45:53,21.62,cash
biz_0109-007413,2024-12-17 15:46:12,25.37,credit_card
biz_0109-007353,2024-12-17 15:55:08,31.71,mada
biz_0109-007439,2024-12-17 16:01:51,19.89,mada
biz_0109-007392,2024-12-17 16:01:58,7.77,mada
biz_0109-007430,2024-12-17 16:03:29,42.34,cash
biz_0109-007408,2024-12-17 16:09:07,26.19,cash
biz_0109-007380,2024-12-17 16:09:21,50.5,credit_card
biz_0109-007345,2024-12-17 16:25:03,37.67,mada
biz_0109-007415,2024-12-17 16:35:00,16.37,mada
biz_0109-007341,2024-12-17 17:02:12,33.74,credit_card
biz_0109-007381,2024-12-17 17:10:19,53.69,cash
biz_0109-007370,2024-12-17 17:11:34,54.82,mada
biz_0109-007382,2024-12-17 17:15:09,31.1,mada
biz_0109-007384,2024-12-17 17:18:56,46.97,mada
biz_0109-007432,2024-12-17 17:23:28,40.9,mada
biz_0109-007386,2024-12-17 17:37:21,16.21,cash
biz_0109-007347,2024-12-17 17:45:29,19.36,mada
biz_0109-007406,2024-12-17 17:53:38,37.36,mada
biz_0109-007418,2024-12-17 17:54:20,35.19,mada
biz_0109-007336,2024-12-17 17:56:06,21.61,cash
biz_0109-007440,2024-12-17 18:14:25,21.49,mada
biz_0109-007443,2024-12-17 18:25:30,41.26,mada
biz_0109-007344,2024-12-17 18:42:12,47.93,mada
biz_0109-007335,2024-12-17 18:53:23,32.14,mada
biz_0109-007399,2024-12-17 18:53:35,26.0,cash
biz_0109-007358,2024-12-17 18:56:11,20.84,cash
biz_0109-007351,2024-12-17 19:04:51,21.12,mada
biz_0109-007378,2024-12-17 19:22:50,35.43,mada
biz_0109-007422,2024-12-17 19:26:03,40.26,mada
biz_0109-007436,2024-12-17 19:38:12,43.37,mada
biz_0109-007387,2024-12-17 19:42:36,33.54,mada
biz_0109-007348,2024-12-17 20:53:14,53.9,mada
biz_0109-007343,2024-12-17 21:09:31,10.7,credit_card
biz_0109-007372,2024-12-17 23:54:22,29.11,mada
biz_0109-007526,2024-12-18 05:02:33,52.71,credit_card
biz_0109-007512,2024-12-18 06:21:42,30.61,mada
biz_0109-007461,2024-12-18 07:10:27,36.97,mada
biz_0109-007545,2024-12-18 07:13:34,28.1,mada
biz_0109-007513,2024-12-18 07:33:15,27.01,credit_card
biz_0109-007528,2024-12-18 07:33:21,32.06,cash
biz_0109-007483,2024-12-18 07:33:46,33.47,mada
biz_0109-007496,2024-12-18 07:48:23,20.35,mada
biz_0109-007491,2024-12-18 07:50:45,24.63,mada
biz_0109-007464,2024-12-18 07:53:12,56.12,mada
biz_0109-007446,2024-12-18 08:13:47,45.43,mada
biz_0109-007452,2024-12-18 08:16:25,26.52,mada
biz_0109-007463,2024-12-18 08:18:53,19.86,cash
biz_0109-007479,2024-12-18 08:21:37,23.22,mada
biz_0109-007484,2024-12-18 08:22:27,22.09,mada
biz_0109-007533,2024-12-18 08:30:31,27.83,mada
biz_0109-007539,2024-12-18 08:37:55,25.56,mada
biz_0109-007489,2024-12-18 08:40:59,29.04,cash
biz_0109-007465,2024-12-18 08:43:32,13.05,mada
biz_0109-007505,2024-12-18 08:48:52,48.05,mada
biz_0109-007515,2024-12-18 08:54:14,12.51,cash
biz_0109-007520,2024-12-18 08:55:00,33.39,mada
biz_0109-007522,2024-12-18 08:56:09,84.96,mada
biz_0109-007473,2024-12-18 08:59:56,12.51,mada
biz_0109-007523,2024-12-18 09:01:07,43.21,cash
biz_0109-007480,2024-12-18 09:08:20,27.43,credit_card
biz_0109-007500,2024-12-18 09:12:24,38.83,credit_card
biz_0109-007447,2024-12-18 09:16:35,16.93,cash
biz_0109-007518,2024-12-18 09:20:04,19.78,mada
biz_0109-007456,2024-12-18 09:22:39,44.4,mada
biz_0109-007458,2024-12-18 09:33:57,28.09,credit_card
biz_0109-007466,2024-12-18 09:37:42,37.86,mada
biz_0109-007449,2024-12-18 09:48:13,15.38,mada
biz_0109-007521,2024-12-18 09:51:35,59.9,cash
biz_0109-007529,2024-12-18 09:54:44,28.29,credit_card
biz_0109-007527,2024-12-18 09:59:21,20.93,mada
biz_0109-007477,2024-12-18 10:04:04,12.93,mada
biz_0109-007493,2024-12-18 10:05:17,25.2,credit_card
biz_0109-007498,2024-12-18 10:07:07,22.34,mada
biz_0109-007534,2024-12-18 10:09:16,32.11,mada
biz_0109-007519,2024-12-18 10:26:07,91.26,mada
biz_0109-007470,2024-12-18 10:31:14,26.09,credit_card
biz_0109-007541,2024-12-18 11:19:11,29.28,cash
biz_0109-007494,2024-12-18 11:37:06,51.39,cash
biz_0109-007508,2024-12-18 11:40:37,23.1,mada
biz_0109-007469,2024-12-18 12:08:14,34.11,cash
biz_0109-007495,2024-12-18 12:23:38,38.02,mada
biz_0109-007460,2024-12-18 12:44:29,31.52,credit_card
biz_0109-007536,2024-12-18 12:45:43,37.24,mada
biz_0109-007538,2024-12-18 12:49:04,14.58,mada
biz_0109-007535,2024-12-18 13:00:54,41.57,mada
biz_0109-007542,2024-12-18 13:02:13,21.46,mada
biz_0109-007457,2024-12-18 13:03:39,45.48,credit_card
biz_0109-007487,2024-12-18 13:05:31,48.87,mada
biz_0109-007547,2024-12-18 13:10:39,14.64,cash
biz_0109-007472,2024-12-18 13:12:13,24.13,mada
biz_0109-007468,2024-12-18 13:15:07,80.13,mada
biz_0109-007504,2024-12-18 13:29:30,19.89,credit_card
biz_0109-007532,2024-12-18 13:32:17,19.9,mada
biz_0109-007478,2024-12-18 13:36:41,29.51,mada
biz_0109-007501,2024-12-18 13:49:07,16.34,mada
biz_0109-007454,2024-12-18 13:49:48,67.06,mada
biz_0109-007481,2024-12-18 13:59:19,22.92,mada
biz_0109-007467,2024-12-18 14:06:54,39.58,mada
biz_0109-007509,2024-12-18 14:13:02,20.27,mada
biz_0109-007462,2024-12-18 14:49:53,40.61,mada
biz_0109-007476,2024-12-18 14:54:12,29.14,mada
biz_0109-007531,2024-12-18 15:02:53,20.67,mada
biz_0109-007507,2024-12-18 15:10:23,49.33,mada
biz_0109-007499,2024-12-18 15:21:27,17.85,mada
biz_0109-007511,2024-12-18 15:23:33,22.73,mada
biz_0109-007486,2024-12-18 15:31:22,17.48,mada
biz_0109-007453,2024-12-18 15:32:13,17.88,mada
biz_0109-007475,2024-12-18 15:39:49,13.75,mada
biz_0109-007546,2024-12-18 16:16:01,64.05,mada
biz_0109-007459,2024-12-18 16:22:14,26.16,mada
biz_0109-007503,2024-12-18 16:27:19,11.81,cash
biz_0109-007471,2024-12-18 16:38:58,68.78,cash
biz_0109-007450,2024-12-18 16:44:47,71.51,mada
biz_0109-007525,2024-12-18 16:49:29,25.85,mada
biz_0109-007516,2024-12-18 16:54:10,45.41,mada
biz_0109-007540,2024-12-18 17:07:22,30.59,mada
biz_0109-007514,2024-12-18 17:10:58,40.86,credit_card
biz_0109-007517,2024-12-18 17:11:10,41.23,mada
biz_0109-007497,2024-12-18 17:13:19,42.09,cash
biz_0109-007490,2024-12-18 17:21:16,24.44,mada
biz_0109-007492,2024-12-18 17:25:04,28.3,mada
biz_0109-007482,2024-12-18 17:35:56,23.26,cash
biz_0109-007543,2024-12-18 17:36:42,43.73,mada
biz_0109-007485,2024-12-18 17:38:15,11.56,mada
biz_0109-007444,2024-12-18 17:39:09,31.29,mada
biz_0109-007506,2024-12-18 17:52:49,14.41,mada
biz_0109-007448,2024-12-18 17:55:29,37.54,mada
biz_0109-007455,2024-12-18 17:58:35,44.39,cash
biz_0109-007451,2024-12-18 18:28:07,23.59,credit_card
biz_0109-007537,2024-12-18 18:39:33,61.4,mada
biz_0109-007544,2024-12-18 18:39:54,64.84,mada
biz_0109-007524,2024-12-18 18:54:59,16.64,mada
biz_0109-007488,2024-12-18 19:15:15,45.74,mada
biz_0109-007530,2024-12-18 19:46:28,27.06,cash
biz_0109-007510,2024-12-18 20:30:39,20.88,cash
biz_0109-007445,2024-12-18 20:51:54,22.94,mada
biz_0109-007502,2024-12-18 21:27:49,31.87,cash
biz_0109-007474,2024-12-18 23:49:19,21.93,mada
biz_0109-007552,2024-12-19 00:09:37,35.43,mada
biz_0109-007589,2024-12-19 06:13:41,19.52,mada
biz_0109-007583,2024-12-19 07:06:15,14.85,cash
biz_0109-007593,2024-12-19 07:45:56,14.91,mada
biz_0109-007603,2024-12-19 07:52:08,20.25,mada
biz_0109-007634,2024-12-19 07:52:11,38.89,mada
biz_0109-007569,2024-12-19 08:12:26,20.38,credit_card
biz_0109-007560,2024-12-19 08:40:22,24.42,mada
biz_0109-007627,2024-12-19 08:45:03,29.52,credit_card
biz_0109-007587,2024-12-19 08:46:01,21.46,mada
biz_0109-007586,2024-12-19 08:47:50,29.34,mada
biz_0109-007601,2024-12-19 08:53:51,19.79,mada
biz_0109-007553,2024-12-19 08:55:14,14.15,mada
biz_0109-007628,2024-12-19 08:58:59,33.33,mada
biz_0109-007562,2024-12-19 09:03:36,50.03,credit_card
biz_0109-007632,2024-12-19 09:07:58,26.5,credit_card
biz_0109-007576,2024-12-19 09:11:54,49.04,mada
biz_0109-007584,2024-12-19 09:13:01,58.9,cash
biz_0109-007580,2024-12-19 09:15:27,26.17,cash
biz_0109-007573,2024-12-19 09:18:35,27.43,mada
biz_0109-007579,2024-12-19 09:21:24,15.79,mada
biz_0109-007582,2024-12-19 09:31:51,16.79,credit_card
biz_0109-007561,2024-12-19 09:33:26,18.54,cash
biz_0109-007572,2024-12-19 09:40:29,38.34,cash
biz_0109-007557,2024-12-19 09:42:51,43.25,mada
biz_0109-007614,2024-12-19 09:43:43,29.94,mada
biz_0109-007564,2024-12-19 09:44:41,18.56,credit_card
biz_0109-007600,2024-12-19 09:49:04,21.37,credit_card
biz_0109-007556,2024-12-19 09:50:06,57.2,mada
biz_0109-007621,2024-12-19 09:56:20,34.23,mada
biz_0109-007636,2024-12-19 10:19:58,23.4,mada
biz_0109-007610,2024-12-19 10:31:32,47.57,credit_card
biz_0109-007567,2024-12-19 10:58:26,11.54,mada
biz_0109-007585,2024-12-19 11:21:34,22.67,mada
biz_0109-007594,2024-12-19 11:24:32,29.92,credit_card
biz_0109-007605,2024-12-19 11:30:36,29.2,mada
biz_0109-007607,2024-12-19 11:49:02,21.44,cash
biz_0109-007574,2024-12-19 11:55:34,17.75,mada
biz_0109-007620,2024-12-19 12:01:13,14.36,mada
biz_0109-007598,2024-12-19 12:18:32,48.14,mada
biz_0109-007630,2024-12-19 12:20:49,20.71,credit_card
biz_0109-007566,2024-12-19 12:20:54,25.06,mada
biz_0109-007597,2024-12-19 12:44:43,30.0,credit_card
biz_0109-007617,2024-12-19 12:44:51,19.89,cash
biz_0109-007611,2024-12-19 13:00:18,41.42,mada
biz_0109-007616,2024-12-19 13:02:20,27.29,cash
biz_0109-007595,2024-12-19 13:05:03,30.52,credit_card
biz_0109-007606,2024-12-19 13:07:41,8.41,credit_card
biz_0109-007549,2024-12-19 13:16:00,27.04,mada
biz_0109-007633,2024-12-19 13:26:49,43.7,mada
biz_0109-007554,2024-12-19 13:32:20,92.56,mada
biz_0109-007578,2024-12-19 13:55:25,23.25,cash
biz_0109-007548,2024-12-19 13:56:11,29.22,mada
biz_0109-007555,2024-12-19 14:29:13,22.19,credit_card
biz_0109-007618,2024-12-19 14:32:26,46.52,mada
biz_0109-007622,2024-12-19 15:38:31,16.11,mada
biz_0109-007623,2024-12-19 15:43:27,29.5,mada
biz_0109-007565,2024-12-19 15:44:15,19.43,credit_card
biz_0109-007608,2024-12-19 15:49:14,52.3,mada
biz_0109-007550,2024-12-19 16:05:09,35.94,mada
biz_0109-007625,2024-12-19 16:08:20,33.81,mada
biz_0109-007590,2024-12-19 16:11:25,17.72,credit_card
biz_0109-007558,2024-12-19 16:24:05,19.58,mada
biz_0109-007581,2024-12-19 16:26:57,13.7,mada
biz_0109-007563,2024-12-19 16:30:12,29.37,mada
biz_0109-007615,2024-12-19 16:35:19,14.32,mada
biz_0109-007568,2024-12-19 16:38:12,20.3,cash
biz_0109-007588,2024-12-19 16:40:30,36.75,credit_card
biz_0109-007635,2024-12-19 16:44:23,35.24,cash
biz_0109-007577,2024-12-19 17:05:02,12.81,mada
biz_0109-007604,2024-12-19 17:06:49,53.04,mada
biz_0109-007626,2024-12-19 17:10:16,9.2,credit_card
biz_0109-007599,2024-12-19 17:32:44,24.19,mada
biz_0109-007613,2024-12-19 17:36:08,15.2,mada
biz_0109-007612,2024-12-19 17:37:02,19.53,mada
biz_0109-007591,2024-12-19 17:47:49,19.21,mada
biz_0109-007629,2024-12-19 18:04:08,28.04,mada
biz_0109-007624,2024-12-19 18:26:01,17.07,credit_card
biz_0109-007570,2024-12-19 18:26:41,51.64,cash
biz_0109-007575,2024-12-19 18:47:57,13.68,mada
biz_0109-007619,2024-12-19 18:54:21,61.19,mada
biz_0109-007592,2024-12-19 19:28:40,36.37,mada
biz_0109-007631,2024-12-19 19:29:24,27.03,credit_card
biz_0109-007571,2024-12-19 19:55:23,26.93,mada
biz_0109-007559,2024-12-19 19:56:20,63.78,mada
biz_0109-007596,2024-12-19 20:19:53,42.19,mada
biz_0109-007602,2024-12-19 20:37:33,27.25,mada
biz_0109-007551,2024-12-19 21:21:49,25.33,mada
biz_0109-007609,2024-12-19 21:21:52,35.61,cash
biz_0109-007723,2024-12-20 06:15:29,21.36,credit_card
biz_0109-007691,2024-12-20 07:08:49,26.33,mada
biz_0109-007648,2024-12-20 07:09:54,16.98,credit_card
biz_0109-007681,2024-12-20 07:19:05,43.23,credit_card
biz_0109-007657,2024-12-20 07:30:26,62.75,credit_card
biz_0109-007641,2024-12-20 07:44:41,21.24,mada
biz_0109-007662,2024-12-20 07:49:17,71.14,mada
biz_0109-007710,2024-12-20 08:11:26,26.18,mada
biz_0109-007724,2024-12-20 08:18:00,13.49,mada
biz_0109-007654,2024-12-20 08:38:30,54.28,mada
biz_0109-007669,2024-12-20 08:55:08,12.52,mada
biz_0109-007708,2024-12-20 09:07:06,32.47,mada
biz_0109-007707,2024-12-20 09:25:04,19.61,mada
biz_0109-007682,2024-12-20 09:32:51,11.44,mada
biz_0109-007677,2024-12-20 09:35:31,43.38,mada
biz_0109-007684,2024-12-20 09:55:36,41.82,credit_card
biz_0109-007645,2024-12-20 09:57:20,26.43,mada
biz_0109-007722,2024-12-20 10:01:59,14.5,mada
biz_0109-007716,2024-12-20 10:17:53,19.37,mada
biz_0109-007640,2024-12-20 10:38:25,17.17,cash
biz_0109-007674,2024-12-20 10:40:08,32.51,mada
biz_0109-007655,2024-12-20 10:57:58,21.56,mada
biz_0109-007667,2024-12-20 11:06:28,69.32,cash
biz_0109-007719,2024-12-20 11:09:34,33.65,mada
biz_0109-007699,2024-12-20 11:21:52,63.5,credit_card
biz_0109-007638,2024-12-20 11:37:46,34.28,mada
biz_0109-007661,2024-12-20 12:11:22,37.62,mada
biz_0109-007713,2024-12-20 12:13:00,48.24,mada
biz_0109-007703,2024-12-20 12:21:46,27.15,mada
biz_0109-007670,2024-12-20 12:27:21,26.79,mada
biz_0109-007639,2024-12-20 12:27:38,32.63,mada
biz_0109-007695,2024-12-20 12:27:56,19.14,credit_card
biz_0109-007637,2024-12-20 12:28:14,28.5,credit_card
biz_0109-007663,2024-12-20 12:28:40,27.72,credit_card
biz_0109-007652,2024-12-20 12:32:29,34.91,mada
biz_0109-007680,2024-12-20 12:35:29,45.01,cash
biz_0109-007697,2024-12-20 12:48:46,27.6,mada
biz_0109-007666,2024-12-20 12:49:58,37.56,cash
biz_0109-007717,2024-12-20 12:55:21,25.2,mada
biz_0109-007650,2024-12-20 12:55:23,12.93,cash
biz_0109-007714,2024-12-20 13:01:23,25.54,mada
biz_0109-007689,2024-12-20 13:01:57,35.27,cash
biz_0109-007686,2024-12-20 13:05:13,15.71,cash
biz_0109-007696,2024-12-20 13:12:00,24.98,mada
biz_0109-007718,2024-12-20 13:15:04,18.04,cash
biz_0109-007671,2024-12-20 13:16:35,25.59,mada
biz_0109-007721,2024-12-20 13:18:33,14.28,mada
biz_0109-007688,2024-12-20 13:32:24,12.28,mada
biz_0109-007672,2024-12-20 13:32:50,33.93,mada
biz_0109-007698,2024-12-20 13:43:23,35.1,mada
biz_0109-007642,2024-12-20 13:48:34,30.51,mada
biz_0109-007692,2024-12-20 14:01:44,24.32,mada
biz_0109-007694,2024-12-20 14:02:54,45.61,mada
biz_0109-007676,2024-12-20 14:03:04,22.46,mada
biz_0109-007709,2024-12-20 14:07:00,58.33,credit_card
biz_0109-007656,2024-12-20 14:27:00,11.92,mada
biz_0109-007647,2024-12-20 14:48:42,39.11,mada
biz_0109-007668,2024-12-20 14:59:01,27.15,mada
biz_0109-007644,2024-12-20 15:07:46,66.29,credit_card
biz_0109-007679,2024-12-20 15:11:59,59.57,mada
biz_0109-007660,2024-12-20 15:16:50,60.98,mada
biz_0109-007701,2024-12-20 15:27:53,20.42,mada
biz_0109-007706,2024-12-20 15:43:20,25.56,mada
biz_0109-007665,2024-12-20 16:05:27,59.11,mada
biz_0109-007643,2024-12-20 16:24:30,42.65,mada
biz_0109-007711,2024-12-20 16:26:20,16.96,cash
biz_0109-007658,2024-12-20 16:37:58,22.68,mada
biz_0109-007646,2024-12-20 16:52:43,13.43,cash
biz_0109-007715,2024-12-20 16:56:16,44.13,mada
biz_0109-007659,2024-12-20 16:56:36,29.25,mada
biz_0109-007649,2024-12-20 17:09:06,46.26,mada
biz_0109-007673,2024-12-20 17:15:27,20.18,mada
biz_0109-007651,2024-12-20 17:16:10,17.29,credit_card
biz_0109-007664,2024-12-20 17:25:18,34.28,mada
biz_0109-007678,2024-12-20 17:33:52,19.41,mada
biz_0109-007702,2024-12-20 17:39:11,7.38,credit_card
biz_0109-007690,2024-12-20 17:48:10,20.67,credit_card
biz_0109-007705,2024-12-20 17:49:32,11.1,cash
biz_0109-007700,2024-12-20 17:51:58,38.58,mada
biz_0109-007685,2024-12-20 18:20:14,28.49,mada
biz_0109-007653,2024-12-20 18:29:24,25.32,cash
biz_0109-007704,2024-12-20 18:31:54,25.17,cash
biz_0109-007683,2024-12-20 18:48:07,24.55,mada
biz_0109-007725,2024-12-20 19:17:07,42.07,mada
biz_0109-007720,2024-12-20 19:25:12,35.05,mada
biz_0109-007712,2024-12-20 19:32:48,22.36,mada
biz_0109-007687,2024-12-20 19:47:50,18.3,mada
biz_0109-007693,2024-12-20 21:05:26,23.0,cash
biz_0109-007675,2024-12-20 21:53:24,40.21,mada
biz_0109-007780,2024-12-21 06:41:27,41.0,credit_card
biz_0109-007838,2024-12-21 07:05:21,14.23,mada
biz_0109-007742,2024-12-21 07:07:35,8.85,cash
biz_0109-007806,2024-12-21 07:17:45,36.6,mada
biz_0109-007758,2024-12-21 07:29:52,24.06,credit_card
biz_0109-007766,2024-12-21 07:34:31,20.12,mada
biz_0109-007834,2024-12-21 07:34:59,17.56,mada
biz_0109-007727,2024-12-21 07:36:06,20.66,mada
biz_0109-007807,2024-12-21 07:39:33,17.89,credit_card
biz_0109-007769,2024-12-21 07:43:35,14.67,mada
biz_0109-007809,2024-12-21 07:48:45,21.34,mada
biz_0109-007847,2024-12-21 07:49:53,34.2,mada
biz_0109-007835,2024-12-21 07:53:11,26.84,mada
biz_0109-007776,2024-12-21 07:57:29,8.08,mada
biz_0109-007752,2024-12-21 08:00:24,50.59,credit_card
biz_0109-007845,2024-12-21 08:06:07,46.35,mada
biz_0109-007820,2024-12-21 08:06:55,46.02,mada
biz_0109-007732,2024-12-21 08:07:49,14.41,credit_card
biz_0109-007736,2024-12-21 08:10:30,39.12,credit_card
biz_0109-007773,2024-12-21 08:10:34,36.87,cash
biz_0109-007756,2024-12-21 08:15:02,21.93,mada
biz_0109-007842,2024-12-21 08:21:18,16.83,cash
biz_0109-007747,2024-12-21 08:22:11,33.6,mada
biz_0109-007764,2024-12-21 08:22:33,65.05,credit_card
biz_0109-007786,2024-12-21 08:23:41,41.35,credit_card
biz_0109-007794,2024-12-21 08:29:11,31.5,mada
biz_0109-007843,2024-12-21 08:31:42,38.09,mada
biz_0109-007829,2024-12-21 08:39:50,30.4,cash
biz_0109-007818,2024-12-21 08:43:37,13.84,mada
biz_0109-007833,2024-12-21 09:05:03,8.29,mada
biz_0109-007730,2024-12-21 09:13:53,19.43,mada
biz_0109-007830,2024-12-21 09:23:35,32.88,cash
biz_0109-007798,2024-12-21 09:33:44,16.31,mada
biz_0109-007851,2024-12-21 09:39:27,27.29,credit_card
biz_0109-007797,2024-12-21 09:56:52,31.96,cash
biz_0109-007782,2024-12-21 10:00:27,36.07,cash
biz_0109-007828,2024-12-21 10:15:18,37.05,cash
biz_0109-007787,2024-12-21 10:22:32,15.6,mada
biz_0109-007757,2024-12-21 10:22:51,16.49,mada
biz_0109-007853,2024-12-21 10:47:29,40.0,mada
biz_0109-007762,2024-12-21 10:47:57,21.15,credit_card
biz_0109-007839,2024-12-21 10:55:59,29.06,mada
biz_0109-007729,2024-12-21 11:06:59,23.27,credit_card
biz_0109-007763,2024-12-21 11:12:44,28.1,mada
biz_0109-007746,2024-12-21 11:22:25,30.25,cash
biz_0109-007759,2024-12-21 11:33:36,12.72,credit_card
biz_0109-007819,2024-12-21 12:06:10,41.52,mada
biz_0109-007824,2024-12-21 12:10:25,27.86,mada
biz_0109-007850,2024-12-21 12:12:45,20.66,mada
biz_0109-007823,2024-12-21 12:15:55,41.78,cash
biz_0109-007846,2024-12-21 12:18:20,23.43,mada
biz_0109-007738,2024-12-21 12:20:58,64.16,cash
biz_0109-007813,2024-12-21 12:22:01,9.13,mada
biz_0109-007790,2024-12-21 12:26:46,39.46,mada
biz_0109-007802,2024-12-21 12:26:51,41.07,cash
biz_0109-007751,2024-12-21 12:27:05,45.28,mada
biz_0109-007770,2024-12-21 12:27:58,36.55,credit_card
biz_0109-007750,2024-12-21 12:28:49,55.84,mada
biz_0109-007745,2024-12-21 12:29:12,13.91,mada
biz_0109-007775,2024-12-21 12:41:21,38.61,mada
biz_0109-007768,2024-12-21 12:45:45,11.03,mada
biz_0109-007826,2024-12-21 12:52:42,18.98,mada
biz_0109-007755,2024-12-21 13:03:47,48.88,mada
biz_0109-007791,2024-12-21 13:09:08,21.33,mada
biz_0109-007778,2024-12-21 13:11:12,28.68,mada
biz_0109-007808,2024-12-21 13:14:04,29.3,credit_card
biz_0109-007785,2024-12-21 13:16:19,65.89,mada
biz_0109-007805,2024-12-21 13:27:56,19.87,credit_card
biz_0109-007761,2024-12-21 13:30:33,23.44,mada
biz_0109-007796,2024-12-21 13:37:25,31.28,mada
biz_0109-007822,2024-12-21 13:41:35,43.34,mada
biz_0109-007726,2024-12-21 13:49:02,20.29,mada
biz_0109-007837,2024-12-21 13:57:37,44.18,mada
biz_0109-007784,2024-12-21 14:05:33,33.51,mada
biz_0109-007753,2024-12-21 14:08:46,18.8,mada
biz_0109-007801,2024-12-21 14:10:51,22.04,mada
biz_0109-007744,2024-12-21 14:15:57,52.9,cash
biz_0109-007844,2024-12-21 14:17:01,23.69,mada
biz_0109-007804,2024-12-21 14:19:25,30.06,credit_card
biz_0109-007734,2024-12-21 14:26:04,17.26,credit_card
biz_0109-007814,2024-12-21 14:36:05,49.42,cash
biz_0109-007789,2024-12-21 14:41:33,41.5,mada
biz_0109-007737,2024-12-21 14:50:31,15.14,cash
biz_0109-007767,2024-12-21 14:55:56,26.06,cash
biz_0109-007733,2024-12-21 15:16:32,65.65,mada
biz_0109-007783,2024-12-21 15:24:00,43.95,mada
biz_0109-007815,2024-12-21 15:32:12,22.24,mada
biz_0109-007735,2024-12-21 15:38:40,34.32,credit_card
biz_0109-007781,2024-12-21 15:43:00,36.85,mada
biz_0109-007852,2024-12-21 15:59:22,24.65,cash
biz_0109-007812,2024-12-21 16:12:24,24.22,mada
biz_0109-007816,2024-12-21 16:23:35,48.07,mada
biz_0109-007792,2024-12-21 16:34:22,42.15,mada
biz_0109-007849,2024-12-21 16:40:59,25.35,mada
biz_0109-007827,2024-12-21 16:46:08,27.18,mada
biz_0109-007760,2024-12-21 16:52:54,18.06,mada
biz_0109-007841,2024-12-21 16:56:46,39.3,mada
biz_0109-007743,2024-12-21 17:01:11,31.22,mada
biz_0109-007855,2024-12-21 17:01:52,35.56,mada
biz_0109-007832,2024-12-21 17:04:19,19.04,mada
biz_0109-007854,2024-12-21 17:04:46,60.84,mada
biz_0109-007800,2024-12-21 17:11:22,39.35,cash
biz_0109-007793,2024-12-21 17:19:02,32.72,mada
biz_0109-007739,2024-12-21 17:19:39,21.56,mada
biz_0109-007771,2024-12-21 17:20:03,27.73,mada
biz_0109-007817,2024-12-21 17:20:47,30.02,credit_card
biz_0109-007748,2024-12-21 17:25:03,27.46,credit_card
biz_0109-007754,2024-12-21 17:34:10,19.3,credit_card
biz_0109-007811,2024-12-21 17:52:14,37.49,mada
biz_0109-007777,2024-12-21 17:53:33,19.4,cash
biz_0109-007821,2024-12-21 17:57:44,22.58,mada
biz_0109-007803,2024-12-21 18:02:28,38.9,mada
biz_0109-007795,2024-12-21 18:15:15,23.88,mada
biz_0109-007779,2024-12-21 18:18:13,29.58,mada
biz_0109-007772,2024-12-21 18:30:20,31.33,mada
biz_0109-007774,2024-12-21 18:49:46,21.42,mada
biz_0109-007731,2024-12-21 18:51:23,31.66,cash
biz_0109-007840,2024-12-21 18:51:26,18.76,cash
biz_0109-007848,2024-12-21 19:04:05,31.81,mada
biz_0109-007831,2024-12-21 19:05:00,41.12,cash
biz_0109-007749,2024-12-21 19:18:18,28.65,mada
biz_0109-007836,2024-12-21 19:24:58,13.49,mada
biz_0109-007741,2024-12-21 19:27:15,24.01,cash
biz_0109-007825,2024-12-21 19:38:13,18.44,cash
biz_0109-007765,2024-12-21 20:19:10,26.21,mada
biz_0109-007728,2024-12-21 20:24:27,46.23,mada
biz_0109-007788,2024-12-21 21:16:13,38.23,mada
biz_0109-007740,2024-12-21 21:18:37,28.69,mada
biz_0109-007810,2024-12-21 21:34:02,28.42,mada
biz_0109-007799,2024-12-21 22:57:12,26.9,credit_card
biz_0109-007892,2024-12-22 07:19:24,47.76,mada
biz_0109-007904,2024-12-22 07:30:42,60.28,mada
biz_0109-007946,2024-12-22 07:34:24,30.63,mada
biz_0109-007861,2024-12-22 07:40:03,20.09,credit_card
biz_0109-007875,2024-12-22 07:47:29,19.46,mada
biz_0109-007856,2024-12-22 07:53:34,38.53,credit_card
biz_0109-007924,2024-12-22 08:01:32,45.31,cash
biz_0109-007907,2024-12-22 08:15:55,15.53,mada
biz_0109-007871,2024-12-22 08:28:05,26.05,mada
biz_0109-007901,2024-12-22 08:28:24,30.93,credit_card
biz_0109-007865,2024-12-22 08:31:21,72.13,mada
biz_0109-007896,2024-12-22 08:45:30,44.25,mada
biz_0109-007883,2024-12-22 08:49:56,29.39,mada
biz_0109-007870,2024-12-22 08:54:11,13.77,mada
biz_0109-007879,2024-12-22 09:14:19,41.58,mada
biz_0109-007898,2024-12-22 09:15:41,70.68,credit_card
biz_0109-007867,2024-12-22 09:15:55,41.52,mada
biz_0109-007944,2024-12-22 09:22:17,47.88,cash
biz_0109-007913,2024-12-22 09:26:30,8.57,mada
biz_0109-007923,2024-12-22 09:29:00,23.27,mada
biz_0109-007900,2024-12-22 09:34:18,16.8,cash
biz_0109-007890,2024-12-22 09:39:43,51.66,mada
biz_0109-007910,2024-12-22 09:49:59,60.59,credit_card
biz_0109-007934,2024-12-22 09:55:32,42.61,mada
biz_0109-007941,2024-12-22 10:00:42,33.04,mada
biz_0109-007911,2024-12-22 10:03:14,39.42,mada
biz_0109-007938,2024-12-22 10:16:13,35.55,cash
biz_0109-007914,2024-12-22 10:20:49,91.7,mada
biz_0109-007857,2024-12-22 10:22:23,61.1,mada
biz_0109-007908,2024-12-22 11:35:33,30.71,mada
biz_0109-007895,2024-12-22 11:38:11,23.08,mada
biz_0109-007905,2024-12-22 11:50:12,28.72,mada
biz_0109-007878,2024-12-22 11:58:14,47.82,credit_card
biz_0109-007917,2024-12-22 12:03:35,23.64,mada
biz_0109-007936,2024-12-22 12:09:56,22.83,mada
biz_0109-007876,2024-12-22 12:24:55,21.42,mada
biz_0109-007889,2024-12-22 12:30:38,18.48,credit_card
biz_0109-007893,2024-12-22 12:38:02,35.71,cash
biz_0109-007872,2024-12-22 12:43:56,47.22,mada
biz_0109-007864,2024-12-22 12:56:28,30.02,mada
biz_0109-007860,2024-12-22 12:59:49,19.47,cash
biz_0109-007869,2024-12-22 13:11:44,20.0,cash
biz_0109-007858,2024-12-22 13:20:25,33.03,credit_card
biz_0109-007894,2024-12-22 13:21:02,17.68,mada
biz_0109-007943,2024-12-22 13:27:48,37.01,mada
biz_0109-007916,2024-12-22 13:28:10,34.57,mada
biz_0109-007899,2024-12-22 13:33:31,33.7,mada
biz_0109-007862,2024-12-22 13:37:49,31.46,mada
biz_0109-007930,2024-12-22 13:38:27,19.55,credit_card
biz_0109-007882,2024-12-22 13:39:31,45.02,cash
biz_0109-007885,2024-12-22 13:40:42,22.85,mada
biz_0109-007932,2024-12-22 13:41:38,40.87,cash
biz_0109-007897,2024-12-22 13:57:37,38.14,mada
biz_0109-007887,2024-12-22 14:02:39,45.43,mada
biz_0109-007866,2024-12-22 14:09:12,22.98,mada
biz_0109-007933,2024-12-22 14:15:38,22.83,mada
biz_0109-007945,2024-12-22 14:18:51,10.83,mada
biz_0109-007937,2024-12-22 14:35:15,19.64,mada
biz_0109-007921,2024-12-22 14:36:23,33.29,cash
biz_0109-007902,2024-12-22 14:37:03,22.69,credit_card
biz_0109-007915,2024-12-22 14:57:19,67.53,mada
biz_0109-007891,2024-12-22 15:04:30,15.06,mada
biz_0109-007926,2024-12-22 15:09:13,38.41,cash
biz_0109-007909,2024-12-22 15:11:16,18.93,cash
biz_0109-007939,2024-12-22 15:14:07,31.85,mada
biz_0109-007881,2024-12-22 15:41:11,47.24,mada
biz_0109-007863,2024-12-22 16:18:44,35.03,credit_card
biz_0109-007888,2024-12-22 16:31:56,17.63,cash
biz_0109-007928,2024-12-22 16:45:34,15.4,credit_card
biz_0109-007942,2024-12-22 16:50:49,37.5,mada
biz_0109-007919,2024-12-22 17:00:49,8.53,cash
biz_0109-007886,2024-12-22 17:00:58,35.05,mada
biz_0109-007868,2024-12-22 17:34:09,30.71,cash
biz_0109-007874,2024-12-22 17:34:29,74.62,mada
biz_0109-007912,2024-12-22 17:43:16,28.75,cash
biz_0109-007884,2024-12-22 17:45:21,10.18,mada
biz_0109-007929,2024-12-22 17:52:37,88.9,credit_card
biz_0109-007877,2024-12-22 17:55:01,56.65,mada
biz_0109-007925,2024-12-22 17:55:21,26.29,cash
biz_0109-007920,2024-12-22 18:10:19,62.31,cash
biz_0109-007873,2024-12-22 18:11:40,25.71,mada
biz_0109-007880,2024-12-22 18:26:53,51.68,mada
biz_0109-007922,2024-12-22 18:33:46,56.89,credit_card
biz_0109-007935,2024-12-22 18:54:14,11.05,cash
biz_0109-007903,2024-12-22 18:57:08,33.13,credit_card
biz_0109-007859,2024-12-22 19:23:23,37.38,credit_card
biz_0109-007927,2024-12-22 19:40:24,27.38,mada
biz_0109-007918,2024-12-22 19:58:11,54.32,mada
biz_0109-007940,2024-12-22 20:12:34,8.25,credit_card
biz_0109-007906,2024-12-22 21:47:12,20.95,credit_card
biz_0109-007931,2024-12-22 23:33:48,20.02,mada
biz_0109-007965,2024-12-23 04:07:01,30.78,mada
biz_0109-007982,2024-12-23 06:29:05,25.85,mada
biz_0109-007983,2024-12-23 07:51:16,23.67,mada
biz_0109-007967,2024-12-23 07:53:27,16.56,cash
biz_0109-007980,2024-12-23 07:57:21,16.78,cash
biz_0109-007968,2024-12-23 08:01:24,16.25,mada
biz_0109-007960,2024-12-23 08:23:14,34.06,credit_card
biz_0109-007984,2024-12-23 08:23:43,30.66,mada
biz_0109-007991,2024-12-23 08:25:03,35.1,credit_card
biz_0109-007969,2024-12-23 08:28:44,82.49,mada
biz_0109-007954,2024-12-23 08:33:45,38.71,mada
biz_0109-008026,2024-12-23 08:36:44,45.2,mada
biz_0109-007951,2024-12-23 09:03:21,13.69,mada
biz_0109-007955,2024-12-23 09:19:10,14.19,cash
biz_0109-007997,2024-12-23 10:14:27,63.21,credit_card
biz_0109-008024,2024-12-23 10:34:41,17.4,credit_card
biz_0109-007948,2024-12-23 10:41:25,29.0,mada
biz_0109-007970,2024-12-23 11:13:43,24.82,mada
biz_0109-008007,2024-12-23 11:34:23,25.97,cash
biz_0109-007972,2024-12-23 11:43:53,39.67,credit_card
biz_0109-007953,2024-12-23 11:45:09,48.59,mada
biz_0109-008015,2024-12-23 12:02:21,53.14,mada
biz_0109-008013,2024-12-23 12:10:56,40.75,mada
biz_0109-007998,2024-12-23 12:24:56,43.87,credit_card
biz_0109-008011,2024-12-23 12:26:40,15.78,mada
biz_0109-008004,2024-12-23 12:31:41,11.79,mada
biz_0109-008019,2024-12-23 12:36:01,29.68,cash
biz_0109-007959,2024-12-23 12:36:24,17.91,mada
biz_0109-007986,2024-12-23 12:38:21,24.36,cash
biz_0109-008006,2024-12-23 12:40:59,47.3,mada
biz_0109-007993,2024-12-23 12:59:47,17.95,mada
biz_0109-008016,2024-12-23 13:11:49,15.5,mada
biz_0109-007976,2024-12-23 13:16:42,25.36,mada
biz_0109-007963,2024-12-23 13:20:03,30.28,mada
biz_0109-008025,2024-12-23 13:32:47,32.24,mada
biz_0109-007961,2024-12-23 13:38:54,28.87,mada
biz_0109-008009,2024-12-23 13:47:09,28.55,mada
biz_0109-008014,2024-12-23 13:47:34,56.57,mada
biz_0109-007979,2024-12-23 13:53:42,29.07,mada
biz_0109-007957,2024-12-23 13:59:04,45.85,mada
biz_0109-008008,2024-12-23 14:01:49,22.83,mada
biz_0109-007992,2024-12-23 14:02:45,20.06,mada
biz_0109-007974,2024-12-23 14:07:36,39.3,mada
biz_0109-008000,2024-12-23 14:10:05,23.58,credit_card
biz_0109-007975,2024-12-23 14:11:23,31.2,mada
biz_0109-007985,2024-12-23 14:14:39,35.21,cash
biz_0109-008002,2024-12-23 14:16:15,31.13,credit_card
biz_0109-007962,2024-12-23 14:20:38,40.71,mada
biz_0109-007950,2024-12-23 14:29:35,35.8,cash
biz_0109-007978,2024-12-23 14:42:06,14.51,mada
biz_0109-007995,2024-12-23 14:44:10,19.64,mada
biz_0109-007964,2024-12-23 14:44:15,41.95,mada
biz_0109-008021,2024-12-23 14:45:19,34.26,cash
biz_0109-008001,2024-12-23 14:45:23,26.67,cash
biz_0109-007947,2024-12-23 14:52:35,27.27,mada
biz_0109-007996,2024-12-23 15:13:18,23.05,credit_card
biz_0109-008012,2024-12-23 15:19:11,17.63,credit_card
biz_0109-007988,2024-12-23 15:42:03,37.03,mada
biz_0109-007994,2024-12-23 15:50:59,24.79,cash
biz_0109-007958,2024-12-23 16:10:07,19.31,cash
biz_0109-007981,2024-12-23 16:22:21,19.14,mada
biz_0109-007973,2024-12-23 16:31:02,22.97,mada
biz_0109-007956,2024-12-23 16:41:18,25.56,cash
biz_0109-008020,2024-12-23 17:00:50,24.19,credit_card
biz_0109-007952,2024-12-23 17:01:23,60.56,mada
biz_0109-008023,2024-12-23 17:19:22,48.79,mada
biz_0109-008003,2024-12-23 17:53:06,29.13,mada
biz_0109-008005,2024-12-23 17:55:01,25.97,mada
biz_0109-007977,2024-12-23 17:55:34,27.47,mada
biz_0109-007989,2024-12-23 18:03:22,15.83,credit_card
biz_0109-007987,2024-12-23 18:07:42,29.74,mada
biz_0109-007999,2024-12-23 18:24:17,25.18,mada
biz_0109-008017,2024-12-23 18:35:31,27.97,mada
biz_0109-007949,2024-12-23 19:19:14,34.15,credit_card
biz_0109-008010,2024-12-23 19:20:21,35.54,credit_card
biz_0109-007966,2024-12-23 19:47:36,45.97,credit_card
biz_0109-008022,2024-12-23 19:54:12,23.58,mada
biz_0109-008018,2024-12-23 20:14:18,20.48,mada
biz_0109-007971,2024-12-23 21:13:01,48.54,credit_card
biz_0109-007990,2024-12-23 22:24:23,18.06,credit_card
biz_0109-008088,2024-12-24 06:29:53,22.91,mada
biz_0109-008039,2024-12-24 06:36:02,20.2,mada
biz_0109-008087,2024-12-24 07:00:17,35.71,mada
biz_0109-008061,2024-12-24 07:03:50,14.63,mada
biz_0109-008047,2024-12-24 07:17:05,16.65,mada
biz_0109-008060,2024-12-24 07:24:43,15.59,mada
biz_0109-008117,2024-12-24 07:46:54,31.91,mada
biz_0109-008034,2024-12-24 07:56:54,23.66,mada
biz_0109-008091,2024-12-24 07:58:01,17.42,credit_card
biz_0109-008052,2024-12-24 08:00:33,19.3,mada
biz_0109-008062,2024-12-24 08:01:07,73.63,mada
biz_0109-008102,2024-12-24 08:02:17,43.15,mada
biz_0109-008104,2024-12-24 08:06:11,28.03,mada
biz_0109-008089,2024-12-24 08:13:46,47.87,mada
biz_0109-008105,2024-12-24 08:14:39,21.67,credit_card
biz_0109-008125,2024-12-24 08:34:35,20.21,mada
biz_0109-008097,2024-12-24 08:36:55,33.27,cash
biz_0109-008092,2024-12-24 08:36:57,36.07,mada
biz_0109-008085,2024-12-24 08:40:06,28.83,cash
biz_0109-008080,2024-12-24 08:47:04,31.0,mada
biz_0109-008120,2024-12-24 08:47:14,31.21,cash
biz_0109-008114,2024-12-24 08:47:21,30.39,mada
biz_0109-008076,2024-12-24 08:50:39,42.62,mada
biz_0109-008051,2024-12-24 08:53:59,46.76,mada
biz_0109-008043,2024-12-24 08:58:08,29.0,mada
biz_0109-008054,2024-12-24 08:59:15,52.45,mada
biz_0109-008035,2024-12-24 09:02:35,25.2,credit_card
biz_0109-008084,2024-12-24 09:24:31,34.84,mada
biz_0109-008110,2024-12-24 09:30:37,14.71,mada
biz_0109-008031,2024-12-24 09:32:19,38.08,mada
biz_0109-008036,2024-12-24 09:46:19,74.14,cash
biz_0109-008044,2024-12-24 09:51:57,33.2,mada
biz_0109-008074,2024-12-24 09:53:40,40.77,mada
biz_0109-008050,2024-12-24 09:59:49,28.41,mada
biz_0109-008068,2024-12-24 10:35:33,20.76,credit_card
biz_0109-008095,2024-12-24 10:52:49,31.61,cash
biz_0109-008112,2024-12-24 11:49:24,40.28,mada
biz_0109-008067,2024-12-24 12:02:28,43.61,cash
biz_0109-008118,2024-12-24 12:05:16,66.35,cash
biz_0109-008116,2024-12-24 12:06:24,32.89,mada
biz_0109-008077,2024-12-24 12:16:03,30.71,mada
biz_0109-008053,2024-12-24 12:18:40,14.96,credit_card
biz_0109-008029,2024-12-24 12:19:10,13.79,cash
biz_0109-008049,2024-12-24 12:23:09,37.44,cash
biz_0109-008041,2024-12-24 12:40:45,38.78,cash
biz_0109-008075,2024-12-24 13:01:17,22.06,credit_card
biz_0109-008032,2024-12-24 13:07:33,17.82,mada
biz_0109-008082,2024-12-24 13:13:56,15.57,mada
biz_0109-008057,2024-12-24 13:14:19,32.54,mada
biz_0109-008071,2024-12-24 13:14:34,17.79,mada
biz_0109-008127,2024-12-24 13:15:57,35.89,mada
biz_0109-008122,2024-12-24 13:25:13,36.34,mada
biz_0109-008058,2024-12-24 13:28:17,20.7,mada
biz_0109-008103,2024-12-24 13:28:58,42.6,credit_card
biz_0109-008070,2024-12-24 13:32:01,36.96,mada
biz_0109-008045,2024-12-24 13:48:52,14.02,mada
biz_0109-008038,2024-12-24 13:49:55,45.03,mada
biz_0109-008048,2024-12-24 13:55:41,19.27,cash
biz_0109-008098,2024-12-24 13:58:23,20.44,mada
biz_0109-008078,2024-12-24 13:58:28,25.58,mada
biz_0109-008086,2024-12-24 13:58:40,28.22,mada
biz_0109-008056,2024-12-24 13:59:02,38.68,credit_card
biz_0109-008046,2024-12-24 14:02:35,17.42,mada
biz_0109-008099,2024-12-24 14:37:17,12.66,mada
biz_0109-008093,2024-12-24 14:38:23,26.45,mada
biz_0109-008113,2024-12-24 14:41:32,26.09,mada
biz_0109-008109,2024-12-24 14:42:28,25.58,mada
biz_0109-008072,2024-12-24 14:43:49,22.46,mada
biz_0109-008059,2024-12-24 14:48:00,12.29,mada
biz_0109-008037,2024-12-24 15:02:09,32.53,mada
biz_0109-008066,2024-12-24 15:09:01,26.1,cash
biz_0109-008115,2024-12-24 15:10:05,25.67,credit_card
biz_0109-008119,2024-12-24 15:27:09,18.29,mada
biz_0109-008079,2024-12-24 15:37:32,75.51,cash
biz_0109-008028,2024-12-24 15:57:18,28.62,mada
biz_0109-008106,2024-12-24 16:10:13,32.91,cash
biz_0109-008055,2024-12-24 16:16:30,15.79,mada
biz_0109-008100,2024-12-24 16:18:16,36.0,cash
biz_0109-008073,2024-12-24 16:22:30,37.98,mada
biz_0109-008111,2024-12-24 16:36:16,29.04,mada
biz_0109-008090,2024-12-24 16:46:05,36.25,credit_card
biz_0109-008042,2024-12-24 16:58:40,36.67,mada
biz_0109-008101,2024-12-24 17:05:19,35.06,credit_card
biz_0109-008033,2024-12-24 17:18:06,24.84,mada
biz_0109-008027,2024-12-24 17:18:30,30.42,mada
biz_0109-008081,2024-12-24 17:36:19,32.42,cash
biz_0109-008096,2024-12-24 17:37:26,23.68,cash
biz_0109-008063,2024-12-24 17:40:10,41.58,mada
biz_0109-008030,2024-12-24 17:40:57,33.37,mada
biz_0109-008123,2024-12-24 17:48:16,32.92,mada
biz_0109-008069,2024-12-24 17:48:19,20.21,cash
biz_0109-008108,2024-12-24 17:48:26,26.71,mada
biz_0109-008121,2024-12-24 17:48:33,52.62,mada
biz_0109-008083,2024-12-24 18:09:48,22.13,mada
biz_0109-008126,2024-12-24 18:34:21,39.86,mada
biz_0109-008064,2024-12-24 19:10:56,49.48,mada
biz_0109-008065,2024-12-24 19:19:25,64.17,mada
biz_0109-008124,2024-12-24 19:44:45,15.84,mada
biz_0109-008040,2024-12-24 19:48:27,31.01,mada
biz_0109-008107,2024-12-24 19:51:32,17.04,mada
biz_0109-008094,2024-12-24 20:26:28,28.08,credit_card
biz_0109-008183,2024-12-25 03:14:53,35.28,mada
biz_0109-008213,2024-12-25 05:56:38,43.17,credit_card
biz_0109-008133,2024-12-25 07:05:31,34.12,cash
biz_0109-008216,2024-12-25 07:20:24,30.43,mada
biz_0109-008187,2024-12-25 07:29:24,42.51,cash
biz_0109-008194,2024-12-25 07:49:44,22.63,mada
biz_0109-008184,2024-12-25 07:50:57,7.25,cash
biz_0109-008129,2024-12-25 08:04:41,37.61,credit_card
biz_0109-008131,2024-12-25 08:23:30,24.8,mada
biz_0109-008142,2024-12-25 08:24:53,19.59,mada
biz_0109-008158,2024-12-25 08:28:48,31.08,cash
biz_0109-008208,2024-12-25 08:31:45,30.66,mada
biz_0109-008209,2024-12-25 08:37:39,46.38,mada
biz_0109-008179,2024-12-25 09:01:10,48.67,mada
biz_0109-008164,2024-12-25 09:05:04,27.87,cash
biz_0109-008145,2024-12-25 09:07:01,19.99,credit_card
biz_0109-008172,2024-12-25 09:07:06,25.7,cash
biz_0109-008143,2024-12-25 09:23:30,23.61,credit_card
biz_0109-008138,2024-12-25 09:32:31,19.45,mada
biz_0109-008196,2024-12-25 09:32:32,22.95,cash
biz_0109-008180,2024-12-25 09:34:01,39.97,credit_card
biz_0109-008161,2024-12-25 09:36:52,16.88,mada
biz_0109-008160,2024-12-25 09:37:13,23.0,mada
biz_0109-008195,2024-12-25 09:38:56,22.7,credit_card
biz_0109-008174,2024-12-25 09:39:03,19.55,cash
biz_0109-008201,2024-12-25 09:45:36,25.49,mada
biz_0109-008163,2024-12-25 09:51:04,18.95,mada
biz_0109-008217,2024-12-25 10:39:36,37.1,mada
biz_0109-008199,2024-12-25 10:53:12,38.65,mada
biz_0109-008198,2024-12-25 11:02:22,115.69,mada
biz_0109-008211,2024-12-25 11:03:33,18.81,credit_card
biz_0109-008203,2024-12-25 11:11:14,62.99,mada
biz_0109-008140,2024-12-25 11:42:48,50.36,mada
biz_0109-008202,2024-12-25 12:02:14,63.5,mada
biz_0109-008166,2024-12-25 12:20:07,19.69,mada
biz_0109-008147,2024-12-25 12:21:59,27.39,mada
biz_0109-008212,2024-12-25 12:27:07,14.04,mada
biz_0109-008146,2024-12-25 12:34:27,30.57,mada
biz_0109-008162,2024-12-25 12:46:05,29.87,credit_card
biz_0109-008132,2024-12-25 13:05:20,17.18,credit_card
biz_0109-008139,2024-12-25 13:39:26,41.98,mada
biz_0109-008136,2024-12-25 13:47:15,36.45,mada
biz_0109-008189,2024-12-25 13:48:38,22.05,mada
biz_0109-008206,2024-12-25 13:57:00,43.31,cash
biz_0109-008152,2024-12-25 13:57:28,25.05,mada
biz_0109-008149,2024-12-25 14:06:06,23.03,credit_card
biz_0109-008191,2024-12-25 14:16:49,10.77,mada
biz_0109-008155,2024-12-25 14:16:56,28.4,mada
biz_0109-008170,2024-12-25 14:32:07,27.34,mada
biz_0109-008144,2024-12-25 14:34:00,21.66,mada
biz_0109-008169,2024-12-25 14:36:06,39.26,mada
biz_0109-008207,2024-12-25 14:39:51,23.96,mada
biz_0109-008178,2024-12-25 14:42:36,22.76,credit_card
biz_0109-008148,2024-12-25 14:47:10,27.29,mada
biz_0109-008188,2024-12-25 15:07:14,33.62,credit_card
biz_0109-008175,2024-12-25 15:26:37,14.89,mada
biz_0109-008154,2024-12-25 15:31:46,12.53,mada
biz_0109-008153,2024-12-25 15:41:24,15.97,mada
biz_0109-008135,2024-12-25 16:09:58,21.1,credit_card
biz_0109-008182,2024-12-25 16:11:25,42.79,credit_card
biz_0109-008193,2024-12-25 16:12:28,20.67,credit_card
biz_0109-008197,2024-12-25 16:15:14,33.48,cash
biz_0109-008137,2024-12-25 16:18:19,30.18,cash
biz_0109-008168,2024-12-25 16:22:10,41.5,credit_card
biz_0109-008190,2024-12-25 16:29:46,26.8,mada
biz_0109-008177,2024-12-25 16:56:34,48.62,cash
biz_0109-008156,2024-12-25 17:01:55,22.57,mada
biz_0109-008181,2024-12-25 17:06:34,25.66,mada
biz_0109-008128,2024-12-25 17:08:19,16.18,mada
biz_0109-008134,2024-12-25 17:18:26,19.84,mada
biz_0109-008204,2024-12-25 17:25:39,26.5,mada
biz_0109-008173,2024-12-25 17:27:39,40.05,mada
biz_0109-008159,2024-12-25 17:43:15,30.33,mada
biz_0109-008157,2024-12-25 17:43:36,23.88,cash
biz_0109-008186,2024-12-25 17:45:16,50.77,cash
biz_0109-008165,2024-12-25 17:47:37,18.04,mada
biz_0109-008192,2024-12-25 17:55:39,29.21,cash
biz_0109-008167,2024-12-25 17:58:55,25.66,mada
biz_0109-008210,2024-12-25 18:19:24,22.36,mada
biz_0109-008130,2024-12-25 18:21:38,17.84,mada
biz_0109-008176,2024-12-25 18:23:32,24.89,mada
biz_0109-008151,2024-12-25 18:28:08,17.93,cash
biz_0109-008185,2024-12-25 18:34:38,26.77,mada
biz_0109-008214,2024-12-25 18:56:15,24.45,mada
biz_0109-008141,2024-12-25 19:00:41,30.87,mada
biz_0109-008215,2024-12-25 19:29:50,18.69,mada
biz_0109-008205,2024-12-25 19:51:06,20.49,cash
biz_0109-008200,2024-12-25 20:39:50,30.13,mada
biz_0109-008171,2024-12-25 20:50:33,10.89,mada
biz_0109-008150,2024-12-25 22:57:39,12.11,mada
biz_0109-008238,2024-12-26 00:41:36,18.92,mada
biz_0109-008283,2024-12-26 06:41:03,42.75,mada
biz_0109-008221,2024-12-26 07:05:03,25.56,mada
biz_0109-008311,2024-12-26 07:11:34,22.1,mada
biz_0109-008281,2024-12-26 07:20:16,27.26,mada
biz_0109-008265,2024-12-26 07:21:55,34.13,mada
biz_0109-008223,2024-12-26 07:23:22,11.96,mada
biz_0109-008284,2024-12-26 07:27:51,35.01,mada
biz_0109-008273,2024-12-26 07:36:53,20.34,mada
biz_0109-008271,2024-12-26 07:41:11,41.35,mada
biz_0109-008227,2024-12-26 07:55:23,43.02,mada
biz_0109-008248,2024-12-26 07:57:01,27.52,mada
biz_0109-008262,2024-12-26 08:02:33,37.06,mada
biz_0109-008264,2024-12-26 08:03:45,39.72,mada
biz_0109-008253,2024-12-26 08:04:01,47.38,mada
biz_0109-008304,2024-12-26 08:07:48,25.27,mada
biz_0109-008314,2024-12-26 08:12:11,37.54,mada
biz_0109-008319,2024-12-26 08:17:22,30.33,mada
biz_0109-008247,2024-12-26 08:30:30,14.18,mada
biz_0109-008230,2024-12-26 08:39:38,12.74,mada
biz_0109-008310,2024-12-26 08:42:57,59.6,credit_card
biz_0109-008301,2024-12-26 08:45:28,11.97,mada
biz_0109-008226,2024-12-26 08:47:42,67.5,credit_card
biz_0109-008261,2024-12-26 08:53:02,67.04,cash
biz_0109-008275,2024-12-26 09:02:44,30.86,mada
biz_0109-008243,2024-12-26 09:11:15,27.05,mada
biz_0109-008259,2024-12-26 09:27:10,46.98,mada
biz_0109-008268,2024-12-26 09:31:32,51.83,mada
biz_0109-008266,2024-12-26 09:35:01,49.82,mada
biz_0109-008267,2024-12-26 09:37:02,29.47,mada
biz_0109-008242,2024-12-26 09:39:37,67.89,mada
biz_0109-008286,2024-12-26 09:49:52,17.64,credit_card
biz_0109-008251,2024-12-26 10:07:49,9.28,mada
biz_0109-008305,2024-12-26 10:23:45,22.02,mada
biz_0109-008274,2024-12-26 11:02:25,22.14,mada
biz_0109-008256,2024-12-26 11:04:35,39.95,credit_card
biz_0109-008246,2024-12-26 11:11:34,21.85,cash
biz_0109-008232,2024-12-26 11:24:07,18.69,mada
biz_0109-008315,2024-12-26 11:29:25,67.82,cash
biz_0109-008233,2024-12-26 11:46:59,27.97,mada
biz_0109-008252,2024-12-26 12:07:51,31.01,mada
biz_0109-008302,2024-12-26 12:08:12,24.31,mada
biz_0109-008294,2024-12-26 12:12:12,50.97,mada
biz_0109-008234,2024-12-26 12:13:47,45.49,mada
biz_0109-008317,2024-12-26 12:25:45,24.58,mada
biz_0109-008257,2024-12-26 12:29:19,33.04,mada
biz_0109-008220,2024-12-26 12:31:37,32.05,mada
biz_0109-008296,2024-12-26 12:32:20,44.11,mada
biz_0109-008303,2024-12-26 12:34:10,31.22,mada
biz_0109-008228,2024-12-26 12:45:42,17.44,mada
biz_0109-008222,2024-12-26 12:55:58,46.8,credit_card
biz_0109-008239,2024-12-26 13:03:12,16.63,mada
biz_0109-008293,2024-12-26 13:12:00,57.15,mada
biz_0109-008323,2024-12-26 13:38:11,64.7,mada
biz_0109-008218,2024-12-26 13:47:16,31.72,mada
biz_0109-008295,2024-12-26 14:00:19,30.98,mada
biz_0109-008235,2024-12-26 14:02:10,26.98,mada
biz_0109-008320,2024-12-26 14:07:02,32.32,credit_card
biz_0109-008287,2024-12-26 14:14:06,54.27,mada
biz_0109-008263,2024-12-26 14:17:00,33.57,credit_card
biz_0109-008244,2024-12-26 14:43:32,27.06,mada
biz_0109-008269,2024-12-26 14:49:10,40.63,credit_card
biz_0109-008254,2024-12-26 14:51:09,14.34,mada
biz_0109-008240,2024-12-26 14:58:15,34.84,credit_card
biz_0109-008225,2024-12-26 15:05:49,30.99,credit_card
biz_0109-008245,2024-12-26 15:08:09,33.76,cash
biz_0109-008280,2024-12-26 15:17:25,35.78,mada
biz_0109-008224,2024-12-26 15:24:12,22.23,cash
biz_0109-008276,2024-12-26 15:43:21,53.88,cash
biz_0109-008282,2024-12-26 15:43:22,24.23,cash
biz_0109-008297,2024-12-26 15:54:00,13.08,cash
biz_0109-008312,2024-12-26 16:02:22,14.99,mada
biz_0109-008322,2024-12-26 16:03:46,33.88,mada
biz_0109-008316,2024-12-26 16:05:48,34.31,cash
biz_0109-008237,2024-12-26 16:07:28,18.45,mada
biz_0109-008309,2024-12-26 16:31:50,38.3,mada
biz_0109-008290,2024-12-26 16:47:29,16.94,credit_card
biz_0109-008241,2024-12-26 16:49:18,33.73,mada
biz_0109-008285,2024-12-26 16:51:24,22.92,mada
biz_0109-008321,2024-12-26 16:54:20,51.96,mada
biz_0109-008278,2024-12-26 16:55:13,27.33,cash
biz_0109-008318,2024-12-26 17:02:06,19.43,mada
biz_0109-008255,2024-12-26 17:12:28,40.57,cash
biz_0109-008219,2024-12-26 17:24:20,33.73,mada
biz_0109-008307,2024-12-26 17:32:18,31.88,cash
biz_0109-008289,2024-12-26 17:34:00,27.11,mada
biz_0109-008306,2024-12-26 17:34:30,83.99,credit_card
biz_0109-008292,2024-12-26 17:40:53,22.9,mada
biz_0109-008279,2024-12-26 17:41:49,22.44,mada
biz_0109-008277,2024-12-26 17:42:30,18.15,mada
biz_0109-008299,2024-12-26 17:42:57,15.99,mada
biz_0109-008298,2024-12-26 17:48:37,26.47,credit_card
biz_0109-008313,2024-12-26 17:52:12,10.65,mada
biz_0109-008272,2024-12-26 18:09:54,22.55,mada
biz_0109-008260,2024-12-26 18:12:02,58.03,cash
biz_0109-008231,2024-12-26 18:29:13,18.55,mada
biz_0109-008291,2024-12-26 18:31:58,23.93,mada
biz_0109-008270,2024-12-26 18:44:56,15.89,cash
biz_0109-008229,2024-12-26 18:47:08,19.1,mada
biz_0109-008300,2024-12-26 18:48:26,28.06,mada
biz_0109-008258,2024-12-26 18:50:52,25.38,mada
biz_0109-008288,2024-12-26 19:21:27,14.5,cash
biz_0109-008236,2024-12-26 19:21:51,23.03,mada
biz_0109-008250,2024-12-26 20:16:28,17.14,mada
biz_0109-008249,2024-12-26 20:36:37,32.27,mada
biz_0109-008308,2024-12-26 20:52:46,28.13,mada
biz_0109-008346,2024-12-27 06:51:54,33.26,mada
biz_0109-008394,2024-12-27 07:00:32,48.54,mada
biz_0109-008340,2024-12-27 07:05:58,27.53,mada
biz_0109-008371,2024-12-27 07:19:58,33.85,mada
biz_0109-008397,2024-12-27 07:21:10,27.76,cash
biz_0109-008401,2024-12-27 07:22:14,24.23,mada
biz_0109-008399,2024-12-27 07:26:38,46.3,cash
biz_0109-008362,2024-12-27 07:27:28,20.47,mada
biz_0109-008391,2024-12-27 07:36:51,31.72,mada
biz_0109-008400,2024-12-27 07:44:30,22.88,credit_card
biz_0109-008351,2024-12-27 07:53:21,38.34,mada
biz_0109-008350,2024-12-27 07:58:42,46.54,cash
biz_0109-008333,2024-12-27 08:06:05,56.79,mada
biz_0109-008354,2024-12-27 08:15:00,25.38,mada
biz_0109-008432,2024-12-27 08:18:38,45.62,mada
biz_0109-008390,2024-12-27 08:20:05,23.64,mada
biz_0109-008434,2024-12-27 08:22:51,16.34,credit_card
biz_0109-008367,2024-12-27 08:25:13,55.14,mada
biz_0109-008425,2024-12-27 08:27:55,37.55,mada
biz_0109-008334,2024-12-27 08:34:20,22.33,mada
biz_0109-008327,2024-12-27 08:36:52,34.77,mada
biz_0109-008366,2024-12-27 08:44:55,26.76,mada
biz_0109-008380,2024-12-27 08:49:30,46.09,mada
biz_0109-008343,2024-12-27 08:53:34,9.37,mada
biz_0109-008431,2024-12-27 08:55:20,19.21,mada
biz_0109-008422,2024-12-27 08:55:34,38.82,mada
biz_0109-008355,2024-12-27 09:10:19,33.54,mada
biz_0109-008329,2024-12-27 09:11:41,44.66,mada
biz_0109-008407,2024-12-27 09:13:49,30.4,credit_card
biz_0109-008404,2024-12-27 09:21:55,11.0,credit_card
biz_0109-008411,2024-12-27 09:23:17,33.51,cash
biz_0109-008402,2024-12-27 09:27:17,45.98,cash
biz_0109-008370,2024-12-27 09:34:03,61.35,mada
biz_0109-008337,2024-12-27 09:35:11,40.68,cash
biz_0109-008331,2024-12-27 09:40:42,28.4,mada
biz_0109-008349,2024-12-27 09:47:57,26.94,credit_card
biz_0109-008430,2024-12-27 09:48:27,19.35,mada
biz_0109-008409,2024-12-27 09:49:19,24.83,mada
biz_0109-008353,2024-12-27 09:52:51,47.87,mada
biz_0109-008378,2024-12-27 10:14:36,6.94,cash
biz_0109-008392,2024-12-27 10:23:39,13.7,mada
biz_0109-008345,2024-12-27 10:48:55,62.95,mada
biz_0109-008326,2024-12-27 11:24:57,50.43,cash
biz_0109-008396,2024-12-27 12:09:15,10.55,cash
biz_0109-008361,2024-12-27 12:13:50,37.35,mada
biz_0109-008373,2024-12-27 12:20:38,24.22,mada
biz_0109-008356,2024-12-27 12:37:54,28.62,mada
biz_0109-008415,2024-12-27 12:39:14,18.36,mada
biz_0109-008423,2024-12-27 12:51:03,42.76,mada
biz_0109-008330,2024-12-27 12:59:07,28.74,cash
biz_0109-008339,2024-12-27 13:05:19,70.32,mada
biz_0109-008372,2024-12-27 13:16:55,11.19,cash
biz_0109-008427,2024-12-27 13:18:02,22.58,mada
biz_0109-008398,2024-12-27 13:19:37,79.52,mada
biz_0109-008332,2024-12-27 13:28:23,13.87,mada
biz_0109-008347,2024-12-27 13:30:07,16.17,mada
biz_0109-008335,2024-12-27 13:35:23,26.9,cash
biz_0109-008359,2024-12-27 13:48:10,12.42,cash
biz_0109-008428,2024-12-27 13:52:45,21.95,cash
biz_0109-008369,2024-12-27 13:58:05,51.82,cash
biz_0109-008364,2024-12-27 14:06:29,16.68,mada
biz_0109-008410,2024-12-27 14:11:00,37.94,cash
biz_0109-008328,2024-12-27 14:12:34,28.88,mada
biz_0109-008421,2024-12-27 14:22:40,24.83,mada
biz_0109-008418,2024-12-27 14:23:13,14.61,mada
biz_0109-008381,2024-12-27 14:44:54,16.8,mada
biz_0109-008363,2024-12-27 14:54:07,27.94,mada
biz_0109-008324,2024-12-27 15:00:34,29.95,mada
biz_0109-008368,2024-12-27 15:10:08,11.71,credit_card
biz_0109-008417,2024-12-27 15:10:17,12.93,cash
biz_0109-008419,2024-12-27 15:18:48,18.41,credit_card
biz_0109-008403,2024-12-27 15:32:22,51.7,mada
biz_0109-008358,2024-12-27 15:33:33,20.8,mada
biz_0109-008426,2024-12-27 15:47:42,26.51,mada
biz_0109-008336,2024-12-27 15:48:36,22.45,mada
biz_0109-008383,2024-12-27 15:56:38,22.7,mada
biz_0109-008341,2024-12-27 16:00:45,16.98,mada
biz_0109-008344,2024-12-27 16:11:47,33.4,cash
biz_0109-008357,2024-12-27 16:14:45,21.25,mada
biz_0109-008386,2024-12-27 16:18:36,46.38,mada
biz_0109-008325,2024-12-27 16:47:39,18.91,cash
biz_0109-008424,2024-12-27 17:01:42,17.04,credit_card
biz_0109-008420,2024-12-27 17:13:49,33.91,mada
biz_0109-008384,2024-12-27 17:16:09,23.05,mada
biz_0109-008387,2024-12-27 17:19:52,127.94,mada
biz_0109-008416,2024-12-27 17:20:25,34.26,mada
biz_0109-008393,2024-12-27 17:28:32,29.03,credit_card
biz_0109-008413,2024-12-27 17:35:43,51.85,mada
biz_0109-008352,2024-12-27 17:36:11,25.8,mada
biz_0109-008374,2024-12-27 17:36:54,37.13,mada
biz_0109-008376,2024-12-27 17:37:33,21.17,credit_card
biz_0109-008360,2024-12-27 17:40:10,44.52,mada
biz_0109-008433,2024-12-27 17:46:26,29.82,mada
biz_0109-008429,2024-12-27 17:47:58,53.08,credit_card
biz_0109-008389,2024-12-27 17:50:03,42.56,mada
biz_0109-008382,2024-12-27 17:52:27,16.92,mada
biz_0109-008377,2024-12-27 17:57:17,16.5,mada
biz_0109-008388,2024-12-27 17:57:18,22.45,mada
biz_0109-008385,2024-12-27 18:05:28,26.27,mada
biz_0109-008406,2024-12-27 18:29:48,42.41,mada
biz_0109-008435,2024-12-27 18:44:09,38.88,mada
biz_0109-008379,2024-12-27 18:46:39,22.89,mada
biz_0109-008414,2024-12-27 18:50:02,29.66,cash
biz_0109-008342,2024-12-27 18:53:31,22.33,mada
biz_0109-008408,2024-12-27 19:11:45,16.33,mada
biz_0109-008405,2024-12-27 19:24:05,47.26,mada
biz_0109-008395,2024-12-27 19:28:55,31.41,mada
biz_0109-008338,2024-12-27 19:54:00,44.89,cash
biz_0109-008348,2024-12-27 20:05:26,19.71,mada
biz_0109-008375,2024-12-27 20:40:06,28.44,mada
biz_0109-008365,2024-12-27 21:19:46,24.16,mada
biz_0109-008412,2024-12-27 22:42:52,31.69,mada
biz_0109-008488,2024-12-28 06:08:30,25.17,mada
biz_0109-008478,2024-12-28 07:24:22,36.32,mada
biz_0109-008489,2024-12-28 07:46:36,32.43,cash
biz_0109-008477,2024-12-28 08:00:00,47.77,mada
biz_0109-008436,2024-12-28 08:19:44,43.0,mada
biz_0109-008441,2024-12-28 08:21:34,10.87,mada
biz_0109-008442,2024-12-28 08:23:39,50.95,credit_card
biz_0109-008438,2024-12-28 08:24:58,42.59,credit_card
biz_0109-008461,2024-12-28 08:27:29,32.31,mada
biz_0109-008471,2024-12-28 08:35:01,36.61,mada
biz_0109-008474,2024-12-28 08:36:31,38.29,mada
biz_0109-008481,2024-12-28 08:50:22,23.44,mada
biz_0109-008490,2024-12-28 08:56:21,45.89,mada
biz_0109-008449,2024-12-28 09:21:21,12.09,mada
biz_0109-008469,2024-12-28 09:29:23,69.62,mada
biz_0109-008440,2024-12-28 09:46:21,21.59,mada
biz_0109-008452,2024-12-28 10:15:42,13.23,mada
biz_0109-008480,2024-12-28 10:19:32,29.63,mada
biz_0109-008468,2024-12-28 10:52:25,30.37,mada
biz_0109-008484,2024-12-28 11:06:35,24.11,mada
biz_0109-008439,2024-12-28 11:33:15,16.67,mada
biz_0109-008475,2024-12-28 12:33:06,23.48,mada
biz_0109-008470,2024-12-28 12:38:10,28.15,mada
biz_0109-008447,2024-12-28 13:06:50,28.71,mada
biz_0109-008465,2024-12-28 13:13:10,37.6,mada
biz_0109-008464,2024-12-28 13:20:09,16.01,mada
biz_0109-008445,2024-12-28 13:37:36,36.4,mada
biz_0109-008453,2024-12-28 13:46:00,51.85,mada
biz_0109-008455,2024-12-28 13:46:05,26.81,credit_card
biz_0109-008446,2024-12-28 13:53:03,58.7,mada
biz_0109-008466,2024-12-28 13:54:16,59.13,mada
biz_0109-008459,2024-12-28 13:59:54,10.11,mada
biz_0109-008463,2024-12-28 14:07:41,15.23,credit_card
biz_0109-008457,2024-12-28 14:18:46,29.22,mada
biz_0109-008483,2024-12-28 14:33:28,13.31,credit_card
biz_0109-008443,2024-12-28 14:51:46,25.74,mada
biz_0109-008451,2024-12-28 15:23:40,26.55,mada
biz_0109-008456,2024-12-28 15:24:31,11.3,mada
biz_0109-008437,2024-12-28 15:37:26,33.57,mada
biz_0109-008458,2024-12-28 15:38:55,40.78,mada
biz_0109-008486,2024-12-28 15:43:35,20.42,mada
biz_0109-008472,2024-12-28 15:50:12,28.1,mada
biz_0109-008460,2024-12-28 15:59:46,28.17,credit_card
biz_0109-008473,2024-12-28 16:22:25,25.3,cash
biz_0109-008444,2024-12-28 17:02:47,18.15,credit_card
biz_0109-008485,2024-12-28 17:03:22,22.18,mada
biz_0109-008482,2024-12-28 17:10:41,23.9,mada
biz_0109-008462,2024-12-28 17:57:35,42.25,cash
biz_0109-008491,2024-12-28 18:24:06,46.8,mada
biz_0109-008467,2024-12-28 18:25:23,18.49,mada
biz_0109-008479,2024-12-28 18:26:55,21.36,mada
biz_0109-008487,2024-12-28 18:40:52,31.06,credit_card
biz_0109-008454,2024-12-28 18:49:22,22.56,cash
biz_0109-008450,2024-12-28 19:05:01,29.5,mada
biz_0109-008476,2024-12-28 21:48:16,41.85,mada
biz_0109-008448,2024-12-28 22:55:18,21.55,mada
biz_0109-008526,2024-12-29 02:02:58,35.92,mada
biz_0109-008535,2024-12-29 06:19:54,26.63,mada
biz_0109-008522,2024-12-29 06:45:17,22.04,mada
biz_0109-008497,2024-12-29 07:03:42,28.27,cash
biz_0109-008503,2024-12-29 07:11:29,33.06,mada
biz_0109-008533,2024-12-29 08:05:54,36.8,credit_card
biz_0109-008543,2024-12-29 08:11:33,21.89,mada
biz_0109-008538,2024-12-29 08:15:48,61.97,mada
biz_0109-008549,2024-12-29 08:17:45,22.45,credit_card
biz_0109-008525,2024-12-29 08:23:05,25.95,cash
biz_0109-008499,2024-12-29 08:23:57,26.73,mada
biz_0109-008516,2024-12-29 08:42:56,42.86,credit_card
biz_0109-008550,2024-12-29 08:44:01,41.5,cash
biz_0109-008493,2024-12-29 08:45:54,34.31,mada
biz_0109-008554,2024-12-29 09:03:53,32.53,cash
biz_0109-008505,2024-12-29 09:05:36,36.06,mada
biz_0109-008547,2024-12-29 09:35:37,30.64,mada
biz_0109-008514,2024-12-29 09:37:47,17.88,mada
biz_0109-008555,2024-12-29 09:39:24,11.66,cash
biz_0109-008540,2024-12-29 09:48:25,16.6,mada
biz_0109-008531,2024-12-29 09:51:36,20.28,mada
biz_0109-008545,2024-12-29 10:21:31,28.88,cash
biz_0109-008524,2024-12-29 10:38:32,37.37,mada
biz_0109-008542,2024-12-29 10:42:33,97.22,mada
biz_0109-008523,2024-12-29 10:47:14,35.3,mada
biz_0109-008544,2024-12-29 11:07:44,15.38,mada
biz_0109-008553,2024-12-29 11:15:44,25.46,credit_card
biz_0109-008492,2024-12-29 11:49:32,16.81,mada
biz_0109-008520,2024-12-29 12:01:14,37.33,mada
biz_0109-008551,2024-12-29 13:14:24,13.03,credit_card
biz_0109-008494,2024-12-29 13:18:48,29.38,credit_card
biz_0109-008502,2024-12-29 13:25:26,26.96,credit_card
biz_0109-008512,2024-12-29 13:43:39,24.71,credit_card
biz_0109-008534,2024-12-29 13:48:47,62.47,cash
biz_0109-008498,2024-12-29 13:49:04,14.62,mada
biz_0109-008513,2024-12-29 13:52:16,19.24,mada
biz_0109-008518,2024-12-29 13:53:25,29.46,mada
biz_0109-008500,2024-12-29 14:08:25,27.89,mada
biz_0109-008548,2024-12-29 14:11:40,27.69,cash
biz_0109-008541,2024-12-29 14:17:25,35.46,credit_card
biz_0109-008532,2024-12-29 14:37:07,23.84,cash
biz_0109-008509,2024-12-29 14:39:32,42.81,credit_card
biz_0109-008496,2024-12-29 14:43:18,45.49,mada
biz_0109-008506,2024-12-29 14:46:10,28.38,credit_card
biz_0109-008508,2024-12-29 16:16:23,16.6,mada
biz_0109-008536,2024-12-29 16:18:51,22.75,cash
biz_0109-008528,2024-12-29 16:19:19,25.57,mada
biz_0109-008517,2024-12-29 16:38:28,26.77,cash
biz_0109-008527,2024-12-29 17:08:34,14.81,mada
biz_0109-008530,2024-12-29 17:12:17,32.78,mada
biz_0109-008501,2024-12-29 17:46:33,23.46,mada
biz_0109-008519,2024-12-29 17:49:42,33.65,cash
biz_0109-008539,2024-12-29 17:52:21,29.02,credit_card
biz_0109-008515,2024-12-29 17:53:32,53.48,mada
biz_0109-008537,2024-12-29 17:56:16,10.72,mada
biz_0109-008529,2024-12-29 18:01:39,51.8,mada
biz_0109-008546,2024-12-29 18:06:05,76.91,mada
biz_0109-008495,2024-12-29 19:10:25,30.85,credit_card
biz_0109-008510,2024-12-29 19:32:13,27.18,cash
biz_0109-008504,2024-12-29 20:07:23,34.88,mada
biz_0109-008552,2024-12-29 20:22:16,39.37,mada
biz_0109-008521,2024-12-29 20:37:17,35.68,mada
biz_0109-008511,2024-12-29 21:22:29,62.1,mada
biz_0109-008507,2024-12-29 21:24:55,10.03,cash
biz_0109-008589,2024-12-30 05:10:46,20.2,mada
biz_0109-008608,2024-12-30 06:27:58,41.65,cash
biz_0109-008631,2024-12-30 07:00:24,29.75,mada
biz_0109-008567,2024-12-30 07:24:12,19.64,mada
biz_0109-008618,2024-12-30 07:33:16,18.85,cash
biz_0109-008634,2024-12-30 07:34:56,11.13,mada
biz_0109-008584,2024-12-30 07:42:21,19.72,credit_card
biz_0109-008587,2024-12-30 07:47:49,32.64,credit_card
biz_0109-008602,2024-12-30 07:57:19,50.07,mada
biz_0109-008603,2024-12-30 08:18:45,31.1,credit_card
biz_0109-008638,2024-12-30 08:35:26,13.48,mada
biz_0109-008629,2024-12-30 08:36:56,42.83,mada
biz_0109-008619,2024-12-30 08:37:47,67.31,mada
biz_0109-008592,2024-12-30 08:41:34,24.93,mada
biz_0109-008625,2024-12-30 08:46:43,22.2,mada
biz_0109-008626,2024-12-30 08:47:27,47.49,mada
biz_0109-008569,2024-12-30 08:50:44,34.0,cash
biz_0109-008570,2024-12-30 08:56:18,50.57,mada
biz_0109-008637,2024-12-30 08:58:40,30.49,credit_card
biz_0109-008576,2024-12-30 09:12:24,26.83,credit_card
biz_0109-008565,2024-12-30 09:16:21,27.97,mada
biz_0109-008623,2024-12-30 09:58:19,78.06,cash
biz_0109-008583,2024-12-30 10:36:32,17.47,mada
biz_0109-008633,2024-12-30 11:08:08,14.42,mada
biz_0109-008643,2024-12-30 11:21:46,15.93,mada
biz_0109-008648,2024-12-30 11:28:24,26.0,mada
biz_0109-008640,2024-12-30 11:32:42,44.92,mada
biz_0109-008630,2024-12-30 11:49:16,48.45,mada
biz_0109-008600,2024-12-30 11:55:47,20.98,cash
biz_0109-008607,2024-12-30 12:01:41,39.81,cash
biz_0109-008557,2024-12-30 12:16:10,19.9,mada
biz_0109-008577,2024-12-30 12:16:34,10.69,mada
biz_0109-008621,2024-12-30 12:17:44,30.74,mada
biz_0109-008598,2024-12-30 12:19:29,10.78,credit_card
biz_0109-008580,2024-12-30 12:21:08,42.43,credit_card
biz_0109-008645,2024-12-30 12:21:50,17.52,credit_card
biz_0109-008588,2024-12-30 12:27:53,53.54,mada
biz_0109-008556,2024-12-30 12:34:21,39.35,mada
biz_0109-008560,2024-12-30 12:49:33,28.23,mada
biz_0109-008575,2024-12-30 12:52:44,44.08,cash
biz_0109-008635,2024-12-30 12:59:16,23.29,mada
biz_0109-008559,2024-12-30 13:26:51,20.21,mada
biz_0109-008610,2024-12-30 13:30:27,23.53,credit_card
biz_0109-008612,2024-12-30 13:35:45,24.13,credit_card
biz_0109-008641,2024-12-30 13:39:24,33.54,cash
biz_0109-008636,2024-12-30 13:46:04,20.41,mada
biz_0109-008585,2024-12-30 13:50:32,30.36,mada
biz_0109-008573,2024-12-30 13:51:23,27.77,cash
biz_0109-008614,2024-12-30 13:57:54,77.05,mada
biz_0109-008591,2024-12-30 14:01:44,13.71,mada
biz_0109-008616,2024-12-30 14:13:58,65.63,mada
biz_0109-008561,2024-12-30 14:17:43,15.24,mada
biz_0109-008574,2024-12-30 14:22:10,30.59,mada
biz_0109-008572,2024-12-30 14:32:48,32.84,cash
biz_0109-008613,2024-12-30 14:36:27,38.77,mada
biz_0109-008558,2024-12-30 14:40:53,49.32,mada
biz_0109-008597,2024-12-30 14:48:48,21.77,mada
biz_0109-008650,2024-12-30 14:56:49,35.26,cash
biz_0109-008604,2024-12-30 15:04:33,33.8,mada
biz_0109-008644,2024-12-30 15:15:57,17.46,cash
biz_0109-008617,2024-12-30 15:23:20,53.68,mada
biz_0109-008611,2024-12-30 15:33:54,12.79,mada
biz_0109-008615,2024-12-30 15:48:14,13.56,cash
biz_0109-008599,2024-12-30 16:05:22,59.87,credit_card
biz_0109-008605,2024-12-30 16:12:18,18.17,mada
biz_0109-008646,2024-12-30 16:20:03,29.21,mada
biz_0109-008627,2024-12-30 16:21:57,20.3,mada
biz_0109-008581,2024-12-30 16:29:28,28.81,cash
biz_0109-008571,2024-12-30 16:38:40,35.57,credit_card
biz_0109-008582,2024-12-30 17:11:46,23.48,mada
biz_0109-008562,2024-12-30 17:16:02,26.64,mada
biz_0109-008639,2024-12-30 17:21:54,32.5,cash
biz_0109-008647,2024-12-30 17:26:43,45.84,mada
biz_0109-008609,2024-12-30 17:33:48,32.81,mada
biz_0109-008595,2024-12-30 17:38:53,33.49,mada
biz_0109-008601,2024-12-30 17:40:35,32.24,mada
biz_0109-008593,2024-12-30 17:43:17,49.81,mada
biz_0109-008606,2024-12-30 17:45:04,39.57,mada
biz_0109-008596,2024-12-30 17:47:39,32.32,mada
biz_0109-008624,2024-12-30 17:47:52,20.95,cash
biz_0109-008578,2024-12-30 17:48:47,37.23,credit_card
biz_0109-008568,2024-12-30 17:52:27,71.6,mada
biz_0109-008632,2024-12-30 17:55:16,23.81,cash
biz_0109-008649,2024-12-30 17:58:28,35.02,mada
biz_0109-008563,2024-12-30 18:08:30,38.12,mada
biz_0109-008594,2024-12-30 18:10:04,48.94,cash
biz_0109-008628,2024-12-30 18:15:10,37.34,mada
biz_0109-008620,2024-12-30 18:20:59,34.18,mada
biz_0109-008586,2024-12-30 18:24:09,21.07,mada
biz_0109-008622,2024-12-30 18:24:56,65.73,credit_card
biz_0109-008566,2024-12-30 18:33:41,28.98,credit_card
biz_0109-008642,2024-12-30 18:44:05,16.69,cash
biz_0109-008579,2024-12-30 18:44:51,18.69,cash
biz_0109-008564,2024-12-30 18:59:13,32.43,cash
biz_0109-008590,2024-12-30 19:43:18,29.27,mada
